2
5
05 05 05 05 05 05 00 00 00 00 00 00 00 00 35 00 00 05 05 05 
05 05 05 05 05 00 00 00 00 15 00 00 00 00 00 00 25 00 05 05 
05 05 00 00 00 00 00 00 00 00 00 00 00 00 00 00 00 00 05 05 
05 00 00 00 03 90 21 21 21 13 90 21 21 61 21 41 00 00 05 05 
00 45 00 00 22 00 00 00 00 00 00 00 00 22 00 22 00 00 00 05  
90 21 21 21 42 00 25 00 15 00 00 00 00 22 00 a3 00 00 00 05 
00 00 00 00 00 31 21 21 21 90 83 21 21 42 00 00 00 d0 e0 e0 
00 00 00 00 00 22 00 00 00 00 00 00 00 00 00 00 00 d1 e1 e1 
00 15 00 00 00 22 00 00 00 d0 e0 e0 e0 e0 e0 e0 e0 b1 e1 e1 
00 00 00 b3 00 23 00 00 35 d1 c2 e2 e2 e2 e2 e2 e2 b2 e1 e1 
35 00 00 a0 00 a0 00 00 00 d1 f1 00 00 91 00 00 00 d2 b2 e1 
35 00 00 33 21 52 21 43 90 b0 c0 21 21 93 00 00 00 00 d1 e1 
00 35 00 00 00 00 00 00 00 d1 f1 00 15 00 00 00 05 00 d2 b2 
00 25 35 00 00 15 00 00 00 d1 c1 e0 f0 00 05 00 00 05 00 d2 
35 00 25 25 00 00 00 00 00 d1 e1 e1 f1 00 00 05 00 05 05 05 
100
140
100
140
100
140
100
140
100
140
0
0
0
0
0
0
100
450
100
450