1
12
00 65 00 00 00 00 55 00 55 00 55 00 00 00 00 00 00 00 00 00 
00 00 a3 21 41 00 00 55 00 55 00 31 21 21 41 00 00 75 00 00 
65 00 00 00 a0 00 00 00 00 00 00 22 00 00 22 25 00 00 00 00 
00 00 00 00 13 90 21 21 41 00 00 22 75 75 23 90 21 21 41 00 
00 75 00 00 22 00 00 00 22 00 00 22 75 75 22 35 00 00 22 00 
00 00 00 31 42 00 65 00 22 00 00 22 00 00 22 00 00 00 22 00 
00 00 00 22 00 00 00 00 83 90 21 52 21 21 42 00 00 00 22 00 
00 55 00 22 00 55 00 75 00 00 00 00 00 91 00 00 00 65 22 00 
00 00 00 a0 00 00 00 00 00 00 00 00 00 93 21 21 21 90 33 65 
00 55 00 03 00 55 00 d0 e0 e0 e0 e0 f0 00 00 00 00 00 a0 00 
00 00 00 22 00 00 00 d1 e1 e1 e1 e1 f1 00 00 00 75 00 22 00 
00 45 00 22 00 55 00 d1 c2 e2 e2 b2 f1 00 00 00 00 00 22 00 
90 21 21 42 00 00 00 d1 f1 b3 21 b0 c0 21 90 43 21 21 42 00 
00 00 00 00 75 00 00 d1 f1 00 00 d1 f1 00 00 00 00 00 00 00 
00 00 00 00 00 00 00 d1 f1 00 00 d1 f1 00 00 00 00 00 00 00 
100
140
100
140
100
140
100
140
100
140
0
0
0
0
0
0
100
450
100
450