0
219
24
0
0
0
0
0
0
0
0
0
111 110 000 000 000 000 000 000 000 000 000 000 000 000 000 000 000 000 000 000 000 000 000 000 
111 110 000 000 000 000 000 000 000 000 000 000 000 000 000 000 000 000 000 000 000 000 000 000 
111 110 000 000 000 000 000 000 000 000 000 000 000 000 000 000 000 000 000 000 000 000 000 000
111 110 000 000 000 000 000 000 000 000 000 000 000 000 000 000 000 000 000 000 000 000 000 000 
111 110 000 000 000 000 000 000 000 000 000 000 000 000 000 000 000 000 000 000 000 000 000 000 5
111 110 000 000 000 000 000 000 000 000 000 000 000 000 000 000 000 000 000 000 000 000 000 000 
111 110 000 000 000 804 000 000 000 000 000 000 000 000 000 000 000 000 000 000 000 000 000 000 
111 110 000 000 000 800 000 000 000 000 000 000 000 000 000 000 000 000 000 000 000 000 000 000 
111 110 000 000 000 804 000 000 000 000 000 000 000 000 000 000 000 000 000 000 000 000 000 000 
111 110 000 000 000 000 000 000 000 000 000 000 000 000 000 000 000 000 000 000 000 000 000 000 10
111 110 000 000 000 000 000 000 000 000 000 000 000 000 000 000 000 000 000 000 000 000 000 000 
111 110 000 000 000 000 000 000 000 000 000 000 000 000 000 000 000 000 000 000 000 000 000 000 
111 110 000 000 000 000 000 000 000 000 000 000 000 000 000 000 000 000 000 000 000 000 000 000 
111 110 1a1 1a1 1a1 1a0 000 000 000 000 000 000 000 000 000 000 000 000 000 000 000 000 000 000 
111 110 1b1 1b1 1b1 1b0 000 000 000 000 000 000 000 000 000 000 000 000 000 000 000 000 000 000 15
121 120 1b1 1b1 1b1 1b0 000 000 000 801 000 000 000 000 000 000 000 000 000 000 000 000 000 000 
1b1 1b1 1b1 1b1 1b1 1b0 000 000 000 804 000 000 000 000 000 000 000 000 000 000 000 000 000 000 
1b1 1b1 1b1 1b1 1b1 1b0 000 000 000 000 000 000 000 000 000 000 000 000 000 000 000 000 000 000 
1c1 1c1 1c1 1c1 1c1 1c0 000 000 000 000 000 000 000 000 000 000 000 000 000 000 000 000 000 000 
000 000 000 000 000 000 000 000 000 000 000 000 000 000 000 000 000 000 000 000 000 000 000 000 20
000 000 000 000 000 000 000 000 000 000 000 000 000 000 000 000 000 000 000 000 000 000 000 000 
000 000 000 000 000 000 c07 000 000 000 000 000 000 000 000 000 000 000 000 000 000 000 000 000 
000 000 000 000 000 000 000 000 000 000 000 000 000 000 000 000 000 000 000 000 000 000 000 000 
000 000 000 000 000 000 000 000 000 000 000 000 000 000 000 000 000 000 000 000 000 000 000 000 
042 042 042 042 042 042 042 041 000 000 000 000 000 000 000 000 000 000 000 000 000 000 000 000 25
052 052 052 052 052 052 052 051 000 000 000 000 000 000 000 000 000 000 000 000 000 000 000 000 
000 000 000 000 000 000 000 000 000 000 000 000 000 000 000 000 000 000 000 000 000 000 000 000 
000 000 000 000 000 000 000 000 000 000 000 000 000 000 000 000 000 000 000 000 000 000 000 000 
000 000 000 000 000 000 000 000 000 000 000 000 000 000 000 000 000 000 000 000 000 000 000 000 
000 000 000 000 000 000 000 818 000 000 000 000 000 000 000 000 000 000 000 000 000 000 000 000 30
000 000 000 000 000 000 000 818 000 000 000 000 000 000 000 000 000 000 000 000 000 000 000 000 
000 000 000 000 000 000 000 000 000 000 000 000 000 000 000 000 000 000 000 000 000 000 000 000 
000 000 000 000 000 000 000 000 000 000 000 000 000 000 000 000 000 000 000 000 000 000 000 000 
004 004 004 004 004 004 004 004 004 004 004 004 004 003 000 000 000 000 000 000 000 000 000 000 
014 014 014 014 014 014 014 014 014 014 014 014 014 013 000 000 000 000 000 000 000 000 000 000 35
000 000 000 000 000 000 000 000 000 000 000 000 000 000 000 000 000 000 000 000 000 000 000 000 
000 000 000 000 000 000 000 000 000 000 000 000 000 000 000 000 000 000 000 000 000 000 000 000 
000 000 000 000 000 000 000 000 000 000 000 000 000 000 000 000 000 000 000 000 000 000 000 000 
000 000 000 000 000 000 000 000 000 000 000 000 000 000 000 000 000 000 000 000 000 000 000 000 
000 000 000 000 000 000 000 000 000 000 000 000 000 000 000 000 000 000 81d 000 000 000 000 000 40
000 000 000 000 000 000 000 000 000 000 000 000 000 000 c05 000 000 000 81d 000 000 000 000 000 
000 000 000 000 000 000 000 000 000 000 000 000 000 000 000 000 000 000 81d 000 000 000 000 000 
000 000 000 000 000 000 000 000 000 000 000 000 000 000 000 000 000 000 000 000 000 000 000 000 
000 000 000 000 000 000 000 000 000 000 000 000 000 000 000 000 000 000 000 000 000 000 000 000 
000 000 000 000 000 000 000 000 000 000 000 000 000 000 000 000 000 000 000 000 000 000 000 000 45
000 000 000 000 000 000 000 000 000 000 000 000 000 000 000 000 000 000 000 000 000 000 000 000 
000 000 000 000 000 000 000 000 000 000 000 000 000 000 000 000 000 000 000 000 000 000 000 000 
000 000 000 000 000 000 000 000 000 000 000 000 000 000 000 000 000 81d 000 000 000 000 000 000 
000 000 000 000 000 000 000 000 000 000 000 000 000 c05 000 000 000 81d 000 000 000 000 000 000 
000 000 000 000 000 000 000 000 000 000 000 000 000 000 000 000 000 81d 000 000 000 000 000 000 50
000 000 000 000 000 000 000 000 000 000 000 000 000 000 000 000 000 000 000 000 000 000 000 000 
000 000 000 000 000 000 000 000 000 000 000 000 000 000 000 000 000 000 000 000 000 000 000 000 
000 000 000 000 000 000 000 000 000 000 000 000 000 000 000 000 000 000 000 000 000 000 000 000 
000 000 000 000 000 000 000 000 000 000 000 000 000 000 000 000 000 000 000 000 000 000 000 000 
000 000 000 000 000 000 000 000 108 107 106 044 044 043 000 000 000 000 000 000 000 000 000 000 55
000 000 000 000 000 000 000 000 118 117 116 054 054 053 000 000 000 000 000 000 000 000 000 000 
000 000 000 000 000 000 000 000 118 117 116 000 000 000 000 000 000 000 000 000 000 000 000 000 
000 000 000 000 000 000 000 000 118 117 116 000 000 000 000 000 000 000 000 000 000 000 000 000 
000 000 000 000 000 000 000 000 118 117 116 c01 000 000 000 000 000 000 000 000 000 000 000 000 
000 000 000 000 000 000 000 000 118 117 116 000 000 000 800 000 000 000 000 000 000 000 000 000 60
000 000 000 000 000 000 000 000 118 117 116 c01 000 000 804 000 000 000 000 000 000 000 000 000 
000 000 000 000 000 000 000 000 118 117 116 1d8 000 000 000 000 000 000 000 000 000 000 000 000 
000 000 000 000 000 000 000 000 118 117 116 000 000 000 000 000 000 000 000 000 000 000 000 000 
000 000 000 000 000 000 000 000 118 117 116 002 001 c03 000 000 000 000 000 000 000 000 000 000 
000 000 000 000 000 000 000 000 118 117 116 012 011 000 000 000 000 000 000 000 000 000 000 000 65
000 000 000 000 000 000 000 000 118 117 116 000 000 000 000 000 000 000 000 000 000 000 000 000 
000 000 000 000 000 000 000 000 118 117 116 000 000 000 000 000 000 000 000 000 000 000 000 000 
000 000 000 000 000 000 000 000 118 117 116 042 042 042 041 c03 000 000 000 000 000 000 000 000 
000 000 000 000 000 000 000 000 118 117 116 052 052 052 051 000 000 000 000 000 000 000 000 000 
000 000 000 000 000 000 000 000 118 117 116 004 004 003 000 000 000 000 000 000 000 000 000 000 70
000 000 000 000 000 000 000 000 118 117 116 014 014 013 000 000 000 000 000 000 000 000 000 000 
000 000 000 000 000 000 000 000 118 117 116 000 000 000 000 000 000 000 000 000 000 000 000 000 
000 000 000 000 000 000 000 000 118 117 116 000 000 000 000 000 000 000 000 000 000 000 000 000 
000 000 000 000 000 000 000 000 118 117 116 000 000 000 000 000 000 000 000 000 000 000 000 000 
000 000 000 000 000 000 000 000 118 147 126 000 000 000 000 000 000 000 000 000 000 000 000 000 75
000 000 000 000 000 000 000 000 148 126 000 000 000 000 000 000 000 000 000 000 000 000 000 000 
000 000 000 000 000 000 000 000 166 000 000 000 000 000 000 000 000 000 000 000 000 000 000 000 
000 000 000 000 000 000 000 000 000 000 000 000 000 000 000 000 000 000 000 000 000 000 000 000 
000 000 000 000 000 000 000 000 000 000 000 000 000 000 000 000 000 000 000 000 000 000 000 000 
000 000 000 000 000 000 000 000 000 000 000 000 000 000 000 000 000 000 000 000 000 000 000 000 80
000 000 000 000 000 000 082 081 044 044 044 044 043 000 000 000 000 000 000 000 000 000 000 000 
000 000 000 000 000 000 092 091 054 054 054 054 053 000 000 000 000 000 000 000 000 000 000 000 
000 000 000 000 000 000 000 000 000 000 000 000 000 000 000 000 000 000 000 000 000 000 000 000 
000 000 000 000 000 000 000 000 000 000 000 000 000 000 000 000 000 000 000 000 000 000 000 000 
000 000 000 000 000 000 000 000 000 000 000 000 000 000 000 000 000 000 000 000 000 000 000 000 85
000 000 000 000 000 000 000 000 000 000 000 000 000 000 000 000 000 000 000 000 000 000 000 000 
000 000 000 000 000 000 000 000 000 000 000 000 000 000 000 000 000 000 000 000 000 000 000 000 
000 000 000 000 000 000 082 081 002 002 002 001 c03 000 000 000 000 000 000 000 000 000 000 000 
000 000 000 000 000 000 092 091 012 012 012 011 000 000 000 000 000 000 000 000 000 000 000 000 
000 000 000 000 000 000 000 000 000 000 000 000 000 000 000 000 000 000 000 000 000 000 000 000 90
000 000 000 000 000 000 000 000 000 000 000 000 000 000 000 000 000 000 000 000 000 000 000 000 
000 000 000 000 000 000 000 000 000 000 000 000 000 000 000 000 000 000 000 000 000 000 000 000 
000 000 000 000 000 000 000 000 000 000 000 000 000 000 000 000 000 000 000 000 000 000 000 000 
000 000 000 000 000 000 082 081 042 042 042 042 042 041 c03 000 000 000 000 000 000 000 000 000 
000 000 000 000 000 000 092 091 052 052 052 052 052 051 000 000 000 000 000 000 000 000 000 000 95
000 000 000 000 000 000 000 000 000 000 000 000 000 000 000 000 000 000 000 000 000 000 000 000 
000 000 000 000 000 000 000 000 000 000 000 000 000 000 000 000 000 000 000 000 000 000 000 000 
000 000 000 000 000 000 000 000 000 000 000 000 000 000 000 000 000 000 000 000 000 000 000 000 
000 000 000 000 000 000 000 000 000 000 000 000 000 000 000 000 000 000 000 000 000 000 000 000 
000 000 000 000 000 000 000 000 000 000 000 000 000 000 000 000 000 000 000 000 000 000 000 000 100
000 000 000 000 000 000 000 000 000 000 000 146 000 000 000 000 000 000 000 000 000 000 000 000 
000 000 000 000 000 000 000 000 000 000 108 196 000 000 000 000 000 000 000 000 000 000 000 000 
000 000 000 000 000 000 000 000 000 108 197 116 000 000 000 000 000 000 000 000 000 000 000 000 
000 000 000 000 000 000 000 000 000 118 117 116 000 000 000 000 000 000 000 000 000 000 000 000 
000 000 000 000 000 000 000 000 000 118 117 116 0d7 000 000 000 000 000 000 000 000 000 000 000 105
000 000 000 000 000 000 000 000 000 118 117 116 000 000 000 000 000 000 000 000 000 000 000 000 
000 000 000 000 000 000 108 107 107 197 117 116 000 000 000 000 000 000 000 000 000 000 000 000 
000 000 000 000 000 000 118 117 117 117 117 116 000 000 000 000 000 000 000 000 000 000 000 000 
000 000 000 000 000 000 118 117 147 127 127 126 000 000 000 000 000 000 000 000 000 000 000 000 
000 000 000 000 000 000 118 117 116 034 033 000 000 000 000 000 000 000 000 000 000 000 000 000 110
000 000 000 000 000 000 118 117 116 034 033 c04 000 000 000 000 000 000 000 000 000 000 000 000 
000 000 000 000 000 000 118 117 116 024 023 000 000 000 000 000 000 000 000 000 000 000 000 000 
000 000 000 000 000 000 118 117 116 000 000 000 000 000 000 000 000 000 000 000 000 000 000 000 
000 000 000 000 000 000 118 117 116 000 000 000 000 000 000 000 000 000 000 000 000 000 000 000 
000 000 000 000 000 000 118 117 116 000 000 000 804 000 000 000 000 000 000 000 000 000 000 000 115
000 000 000 000 000 000 118 117 116 000 000 000 801 000 000 000 000 000 000 000 000 000 000 000 
000 000 000 000 000 000 118 117 116 c01 000 000 804 000 000 000 000 000 000 000 000 000 000 000 
000 000 000 000 000 000 118 117 116 000 000 000 000 000 000 000 000 000 000 000 000 000 000 000 
000 000 000 000 000 000 118 117 116 000 000 000 000 000 000 000 000 000 000 000 000 000 000 000 
000 000 000 000 000 000 118 117 116 c06 000 000 000 000 000 000 000 000 000 000 000 000 000 000 120
000 000 000 000 000 000 118 117 116 000 000 000 000 000 000 000 000 000 000 000 000 000 000 000 
000 000 000 000 000 000 128 127 126 000 000 000 000 000 000 000 000 000 000 000 000 000 000 000 
000 000 000 000 000 000 000 000 000 000 000 000 000 000 000 000 000 000 000 000 000 000 000 000 
000 000 000 000 000 000 000 000 000 000 000 000 000 000 000 000 000 000 000 000 000 000 000 000 
000 000 000 000 000 000 000 818 000 000 000 000 000 000 000 000 000 000 000 000 000 000 000 000 125
000 000 000 000 000 000 000 818 000 000 000 000 000 000 000 000 000 000 000 000 000 000 000 000 
000 000 000 000 000 000 000 818 000 000 000 000 000 000 000 000 000 000 000 000 000 000 000 000 
000 000 000 000 000 000 000 000 000 000 000 000 000 000 000 000 000 000 000 000 000 000 000 000 
000 000 000 000 000 000 000 000 000 000 000 000 000 000 000 000 000 000 000 000 000 000 000 000 
000 000 000 000 000 000 000 000 000 000 000 000 000 000 81d 000 000 000 000 000 000 000 000 000 130
000 000 000 000 000 000 000 000 000 000 c07 000 000 000 81d 000 000 000 000 000 000 000 000 000 
000 000 000 000 000 000 000 000 000 000 000 000 000 000 81d 000 000 000 000 000 000 000 000 000 
000 000 000 000 000 000 000 000 000 000 000 000 000 000 000 000 000 000 000 000 000 000 000 000 
000 000 000 000 000 000 000 000 000 000 000 000 000 000 000 000 000 000 000 000 000 000 000 000 
000 000 000 000 000 000 000 000 000 818 000 000 000 000 000 000 000 000 000 000 000 000 000 000 135
000 000 000 000 000 000 000 000 000 818 000 000 000 000 000 000 000 000 000 000 000 000 000 000 
000 000 000 000 000 000 000 000 000 818 000 000 000 000 000 000 000 000 000 000 000 000 000 000 
000 000 000 000 000 000 000 000 000 000 000 000 000 000 000 000 000 000 000 000 000 000 000 000 
000 000 000 000 000 000 000 000 000 000 000 000 000 108 107 106 000 000 000 000 000 000 000 000 
000 000 000 000 000 000 000 000 000 000 000 000 000 118 117 116 000 000 000 000 000 000 000 000 140
000 000 000 000 000 000 000 000 000 000 000 000 000 118 117 116 c04 000 000 000 000 000 000 000 
000 000 000 000 000 000 000 000 000 000 000 000 000 118 117 116 000 000 000 000 000 000 000 000 
000 000 000 000 000 000 000 000 000 000 000 000 000 128 127 126 000 000 000 000 000 000 000 000 
000 000 000 000 000 000 000 000 000 000 000 000 000 000 000 000 000 000 000 000 000 000 000 000 
000 000 000 000 000 000 000 000 000 000 000 000 000 000 000 000 000 000 000 000 000 000 000 000 145
000 000 000 000 000 000 000 000 000 000 000 000 000 000 000 000 000 000 000 000 000 000 000 000 
000 000 000 000 000 000 000 000 000 000 000 064 063 000 000 000 000 000 000 000 000 000 000 000 
000 000 000 000 000 000 000 000 000 000 000 074 073 000 000 000 000 000 000 000 000 000 000 000 
000 000 000 000 000 000 000 000 000 000 000 108 107 106 000 000 000 000 000 000 000 000 000 000 
000 000 000 000 000 000 000 000 000 000 000 118 117 116 000 000 000 000 000 000 000 000 000 000 150
000 000 000 000 000 000 000 000 000 000 000 118 117 116 000 000 000 000 000 000 000 000 000 000 
000 000 000 000 000 000 000 000 000 000 000 128 127 126 000 000 000 000 000 000 000 000 000 000 
000 000 000 000 000 000 000 000 000 000 000 074 073 000 000 000 000 000 000 000 000 000 000 000 
000 000 000 000 000 000 000 000 000 000 000 074 073 000 000 000 000 000 000 000 000 000 000 000 
000 000 000 000 000 000 000 082 081 044 044 082 081 000 000 000 000 000 000 000 000 000 000 000 155
000 000 000 000 000 000 000 092 091 054 054 092 091 000 000 000 000 000 000 000 000 000 000 000 
000 000 000 000 000 000 000 074 073 000 000 000 804 000 000 000 000 000 000 000 000 000 000 000 
000 000 000 000 000 000 000 074 073 000 000 000 804 000 000 000 000 000 000 000 000 000 000 000 
000 000 000 000 000 000 108 107 106 000 000 000 800 000 000 000 000 000 000 000 000 000 000 000 
000 000 000 000 000 000 118 117 116 000 000 000 000 000 000 000 000 000 000 000 000 000 000 000 160
000 000 000 000 000 000 118 117 116 000 000 000 000 000 000 000 000 000 000 000 000 000 000 000 
000 000 000 000 000 000 118 117 116 000 000 000 000 000 000 000 000 000 000 000 000 000 000 000 
000 000 000 000 000 000 128 127 126 000 000 000 000 000 000 000 000 000 000 000 000 000 000 000 
000 000 000 000 000 000 000 074 073 000 000 000 000 000 000 000 000 000 000 000 000 000 000 000 
000 000 000 000 000 000 000 064 063 000 000 000 000 000 000 000 000 000 000 000 000 000 000 000 165
000 000 000 000 000 000 000 000 000 000 000 000 000 000 000 000 000 000 000 000 000 000 000 000 
000 000 000 000 000 000 000 000 000 000 000 000 000 000 000 000 000 000 000 000 000 000 000 000 
000 000 000 000 000 000 000 000 000 000 000 000 000 000 000 000 000 000 000 000 000 000 000 000 
000 000 000 000 000 000 000 000 000 000 000 000 000 000 000 000 000 000 000 000 000 000 000 000 
000 000 000 000 000 000 000 000 000 000 81d 000 000 000 000 000 000 000 000 000 000 000 000 000 170
000 000 000 000 000 000 c05 000 000 000 81d 000 000 000 000 000 000 000 000 000 000 000 000 000 
000 000 000 000 000 000 000 000 000 000 81d 000 000 000 000 000 000 000 000 000 000 000 000 000 
000 000 000 000 000 000 000 000 000 000 000 000 000 000 000 000 000 000 000 000 000 000 000 000 
000 000 000 000 000 000 000 000 000 000 000 000 000 000 000 000 000 000 000 000 000 000 000 000 
000 000 000 000 000 000 000 000 000 000 000 000 000 000 000 000 000 000 000 000 000 000 000 000 175
000 000 000 000 000 000 000 000 000 000 000 000 000 000 000 000 000 000 000 000 000 000 000 000 
000 000 000 000 000 000 000 000 000 000 000 000 000 000 000 000 000 000 000 000 000 000 000 000 
000 000 000 000 000 000 000 000 000 000 000 000 000 000 000 000 000 000 000 000 000 000 000 000 
000 000 000 000 c05 000 000 000 000 000 000 000 000 000 000 000 000 000 000 000 000 000 000 000 
000 000 000 000 000 000 000 000 000 000 000 000 000 000 000 000 000 000 000 000 000 000 000 000 180
000 000 000 000 000 000 000 000 000 000 000 000 000 000 000 000 000 000 000 000 000 000 000 000 
000 000 000 000 000 000 000 000 000 000 000 000 000 000 000 000 000 000 000 000 000 000 000 000 
000 000 000 000 000 000 000 000 000 000 000 000 000 000 000 000 000 000 000 000 000 000 000 000 
101 100 000 000 000 000 000 000 000 000 000 000 000 000 000 000 000 000 000 000 000 000 000 000 
111 110 000 000 000 000 000 000 000 000 000 000 000 000 000 000 000 000 000 000 000 000 000 000 185
111 110 000 000 000 000 000 000 000 000 000 000 000 000 000 000 000 000 000 000 000 000 000 000 
111 110 000 000 000 000 c05 000 000 000 000 000 000 000 000 000 000 000 000 000 000 000 000 000 
111 110 000 000 000 000 000 000 000 000 000 000 000 000 000 000 000 000 000 000 000 000 000 000 
111 110 000 000 000 000 000 000 000 000 000 000 000 000 000 000 000 000 000 000 000 000 000 000 
111 110 000 000 000 000 000 000 000 000 000 000 000 000 000 000 000 000 000 000 000 000 000 000 190
111 110 000 000 000 000 000 000 000 000 000 000 000 000 000 000 000 000 000 000 000 000 000 000 
111 110 000 000 000 000 000 000 000 000 000 000 000 000 000 000 000 000 000 000 000 000 000 000 
111 110 000 000 000 000 000 000 000 000 000 000 000 000 000 000 000 000 000 000 000 000 000 000 
111 110 1a1 1a1 1a1 1a1 1a1 1a1 1a1 1a0 000 000 000 000 000 000 000 000 000 000 000 000 000 000 
111 110 1b1 1b1 1b1 1b1 1b1 1b1 1b1 1b0 000 000 000 000 000 000 000 000 000 000 000 000 000 000 195
111 110 1b1 1b1 1b1 1b1 1b1 1b1 1b1 1b0 000 000 000 000 000 000 000 000 000 000 000 000 000 000 
111 110 1b1 1b1 1b1 1b1 1b1 1b1 1b1 1b0 000 000 000 000 000 000 000 000 000 000 000 000 000 000 
111 110 1c1 1c1 1c1 1c1 1c1 1c1 1c1 1c0 000 000 000 000 000 000 000 000 000 000 000 000 000 000 
111 110 000 000 000 000 000 000 000 000 000 000 000 000 000 000 000 000 000 000 000 000 000 000 
111 110 000 000 000 000 000 000 000 000 000 000 000 000 000 000 000 000 000 000 000 000 000 000 200
111 110 000 000 000 000 000 000 000 000 000 000 000 000 000 000 000 000 000 000 000 000 000 000 
111 110 000 000 000 000 000 000 000 000 000 000 000 000 000 000 000 000 000 000 000 000 000 000 
111 110 000 000 000 000 000 000 000 000 000 000 000 000 000 000 000 000 000 000 000 000 000 000 
111 110 000 000 000 000 000 000 000 000 000 000 000 000 000 000 000 000 000 000 000 000 000 000 
111 110 d02 000 000 000 000 000 000 000 000 000 000 000 000 000 000 000 000 000 000 000 000 000 205
111 110 e02 000 000 000 000 000 000 000 000 000 000 000 000 000 000 000 000 000 000 000 000 000 
111 110 0a4 81c 81c 81c 81c 81c 81c 81c 81c 81b 81a 000 000 000 000 000 000 000 000 000 000 000 
111 110 000 000 000 000 000 000 000 000 000 0b1 0b0 006 006 006 006 006 006 006 006 006 006 006 
111 110 000 000 000 000 000 000 000 000 000 000 000 000 000 000 000 000 000 000 000 000 000 000 
111 110 000 000 000 000 000 000 000 000 000 000 000 000 000 000 000 000 000 000 000 000 000 000 210
111 110 000 000 000 000 000 000 000 000 000 000 000 000 000 000 000 000 000 000 000 000 000 000 
111 110 000 000 000 000 000 000 000 000 000 000 000 000 000 000 000 000 000 000 000 000 000 000 
111 110 0b4 0b3 0b2 000 000 000 000 000 000 000 000 000 000 000 000 000 000 000 000 000 000 000 
111 110 0c4 0c3 0c2 0c1 0c0 000 000 000 000 000 000 000 000 000 000 000 000 000 000 000 000 000 
111 110 0d4 0d3 0d2 0d1 0d0 000 000 000 000 000 000 000 000 000 000 000 000 000 000 000 000 000 215
111 110 0e4 0e3 0e2 0e1 0e0 000 000 000 000 000 000 000 000 000 000 000 000 000 000 000 000 000 
111 110 0f4 0f3 0f2 000 000 000 000 000 000 000 000 000 000 000 000 000 000 000 000 000 000 000 
111 110 000 000 000 000 000 000 000 000 000 000 000 000 000 000 000 000 000 000 000 000 000 000 
111 110 000 000 000 000 000 000 000 000 000 000 000 000 000 000 000 000 000 000 000 000 000 000 
