2
178
16
0
0
0
0
0
0
0
0
0
117 116 000 000 000 000 000 000 000 000 000 000 000 000 000 000 
117 116 000 000 000 000 000 000 000 000 000 000 000 000 000 000 
117 116 1e8 1e7 000 000 000 000 000 000 000 000 000 000 000 000 
117 116 1f8 1f7 000 000 000 000 000 000 000 000 000 000 000 000 
117 116 000 000 000 000 000 000 000 000 000 000 000 000 000 000 5
117 116 000 000 000 000 000 000 000 000 000 000 000 000 000 000 
117 116 000 000 000 000 000 000 000 000 000 000 000 000 000 000 
117 116 000 000 000 000 000 000 000 000 000 000 000 000 000 000 
117 116 000 000 000 000 000 000 000 000 000 000 000 000 000 000 
117 116 000 000 000 000 000 000 000 000 000 000 000 000 000 000 10
117 116 000 000 000 000 000 000 000 000 000 000 000 000 000 000 
117 116 1d7 000 000 000 000 000 000 000 000 000 000 000 000 000 
117 116 000 000 000 000 000 000 000 000 000 000 000 000 000 000 
117 116 000 000 000 000 000 000 000 000 000 000 000 000 000 000 
117 116 000 000 000 1a6 000 000 000 000 000 000 000 000 000 000 15
127 126 000 000 000 1b6 000 000 000 000 000 000 000 000 000 000 
1e6 1e6 1e6 1e6 1e6 1b6 000 000 000 000 000 000 000 000 000 000 
1f6 1f6 1f6 1f6 1f6 1b6 000 000 000 000 000 000 000 000 000 000 
000 000 000 000 000 1b6 000 000 000 000 000 000 000 000 000 000 
000 000 000 000 000 1c6 000 000 000 000 000 000 000 000 000 000 20
000 000 000 000 000 000 000 000 000 000 000 000 000 000 000 000 
000 000 000 000 000 000 000 000 000 000 000 000 000 000 000 000 
000 000 000 000 000 000 000 c0e 000 000 000 000 000 000 000 000 
000 000 000 000 000 000 000 000 000 000 000 000 000 000 000 000 
000 000 000 000 000 000 000 000 000 000 81d 000 000 000 000 000 25
000 000 000 000 000 000 000 000 000 000 81d 000 000 000 000 000 
000 000 000 000 000 000 000 000 000 000 000 000 000 000 000 000 
000 000 000 000 000 000 000 000 000 000 81d 000 000 000 000 000 
000 000 000 000 000 000 000 000 000 000 81d 000 000 000 000 000 
000 000 000 000 000 000 000 000 000 000 000 000 000 000 000 000 30
000 000 000 000 000 000 000 000 000 000 81d 000 000 000 000 000 
000 000 000 000 000 000 000 000 000 000 81d 000 000 000 000 000 
000 000 000 000 000 000 000 000 000 000 000 000 000 000 000 000 
000 000 000 000 000 000 000 000 000 000 000 000 000 000 000 000 
000 000 000 000 000 000 000 000 000 000 000 000 000 000 000 000 35
000 000 000 000 000 000 000 000 000 000 000 000 000 000 000 000 
000 000 000 000 000 000 000 000 000 000 000 804 000 000 000 000 
000 000 000 000 000 000 000 000 000 000 000 804 000 000 000 000 
000 000 000 000 000 000 000 000 000 000 000 801 000 000 000 000 
000 000 000 000 000 000 000 000 000 000 000 804 000 000 000 000 40
000 000 000 000 000 000 000 000 000 000 000 000 000 000 000 000 
000 000 000 000 000 000 000 000 000 000 000 000 000 000 000 000 
000 000 000 000 000 000 000 000 000 000 000 000 000 000 000 000 
000 000 000 000 000 000 000 000 000 000 000 000 000 000 000 000 
000 000 000 000 000 000 000 000 000 000 000 000 000 000 000 000 45
000 000 000 000 000 000 000 000 000 000 000 000 000 000 000 000 
000 000 000 000 000 000 000 000 000 000 000 000 000 000 000 000 
000 000 000 000 000 000 000 000 c07 000 000 000 000 000 000 000 
000 000 000 000 000 000 000 000 000 000 000 000 000 000 000 000 
000 000 000 000 000 000 000 000 000 000 000 000 000 000 000 000 50
000 000 000 000 000 000 000 000 000 000 000 000 000 000 000 000 
000 000 000 000 000 000 000 000 c07 000 000 000 000 000 000 000 
000 000 000 000 000 000 000 000 000 000 000 000 000 000 000 000 
000 000 000 000 000 000 000 000 000 000 000 000 000 000 000 000 
000 000 000 000 000 000 000 000 000 000 000 000 000 000 000 000 55
000 000 000 000 000 000 000 000 000 000 000 000 000 000 000 000 
000 000 000 000 000 000 000 000 000 000 000 000 000 000 000 000 
000 000 000 000 000 000 000 000 000 000 000 000 000 000 000 000 
000 000 000 000 000 000 000 000 000 000 000 000 000 000 000 000 
004 004 004 004 004 004 003 c03 000 000 000 000 000 000 000 000 60
014 014 014 014 014 014 013 000 000 000 000 000 000 000 000 000 
000 000 000 000 000 000 000 000 000 000 000 000 000 000 000 000 
000 000 000 000 000 000 000 000 000 000 000 000 000 000 000 000 
004 004 004 004 004 004 003 c03 000 000 000 000 000 000 000 000 
014 014 014 014 014 014 013 000 000 000 000 000 000 000 000 000 65
000 000 000 000 000 000 000 000 000 000 000 000 000 000 000 000 
000 000 000 000 000 000 000 000 000 000 000 000 000 000 000 000 
000 000 000 000 000 000 000 000 000 000 000 000 000 000 000 000 
000 000 000 000 000 000 000 000 000 000 000 000 000 000 000 000 
000 000 000 000 000 000 000 000 000 000 81d 000 000 000 000 000 70
000 000 000 000 000 000 000 000 000 000 81d 000 000 000 000 000 
000 000 000 000 000 000 000 000 000 000 81d 000 000 000 000 000 
000 000 000 1a7 000 000 000 000 000 000 000 000 000 000 000 000 
000 000 000 1b7 000 000 000 000 000 000 000 000 000 000 000 000 
000 000 000 1b7 000 000 000 000 000 000 000 000 000 000 000 000 75
000 000 000 1b7 000 000 000 000 000 000 000 000 000 000 000 000 
1d6 1d6 1d6 1b7 000 000 108 107 107 107 107 107 107 107 107 107 
000 000 000 1b7 000 000 128 127 127 127 127 127 127 127 127 127 
000 000 000 1b7 000 000 000 000 000 000 000 000 000 000 000 000 
000 000 000 1b7 000 000 000 000 000 000 000 000 000 000 000 000 80
000 000 000 1c7 000 000 000 000 000 000 000 000 000 000 000 000 
000 000 000 000 000 000 000 000 000 000 000 000 000 000 000 000 
000 000 000 000 000 818 000 81d 000 000 000 000 000 000 000 000 
000 000 000 000 000 818 000 81d 000 000 000 000 000 000 000 000 
000 000 000 000 000 000 000 000 000 000 000 000 000 000 000 000 85
000 000 000 000 000 000 000 000 000 000 000 000 000 000 000 000 
000 000 000 000 000 000 000 000 000 000 000 000 000 000 000 000 
000 000 000 000 000 000 000 000 000 000 000 000 000 000 000 000 
000 000 000 000 000 000 000 000 000 000 000 000 000 000 000 000 
000 000 000 000 000 000 000 000 c05 000 000 000 000 000 000 000 90
000 000 000 000 000 000 000 000 000 000 000 000 000 000 000 000 
000 000 000 000 000 000 000 000 000 000 000 000 000 000 000 000 
000 000 000 000 000 000 000 000 000 000 000 000 000 000 000 000 
000 000 000 000 000 000 000 000 000 000 000 000 000 000 000 000 
000 000 000 000 000 000 000 000 000 000 000 000 000 000 000 000 95
000 000 000 000 000 000 000 c0e 000 000 000 000 000 000 000 000 
000 000 000 000 000 000 000 000 000 000 000 000 000 000 000 000 
000 000 818 000 000 000 000 000 000 000 000 000 000 000 000 000 
000 000 818 000 000 000 000 000 000 000 000 000 000 000 000 000 
000 000 000 000 000 000 000 000 000 000 000 000 000 000 000 000 100
000 000 000 000 000 000 000 000 000 000 000 000 000 000 000 000 
000 000 000 000 000 000 000 000 000 000 000 000 000 000 000 000 
176 000 000 000 000 146 035 035 035 035 108 107 107 107 107 107 
000 000 000 000 000 156 000 000 000 000 128 127 127 127 127 127 
000 000 000 000 000 156 000 000 000 000 000 000 000 000 000 000 105
000 000 000 000 000 156 000 000 000 000 000 000 000 000 000 000 
176 000 000 000 000 156 000 000 000 000 000 000 000 000 000 000 
000 000 000 000 000 166 000 000 000 000 000 000 000 000 000 000 
000 000 000 000 000 000 000 000 000 000 000 000 000 000 000 000 
176 000 000 000 000 000 000 000 000 000 000 000 000 000 000 000 110
000 818 000 000 000 000 000 000 000 000 000 000 000 000 000 000 
000 000 000 000 000 000 000 000 000 000 81d 000 000 000 000 000 
000 000 000 000 000 000 000 000 000 000 81d 000 000 000 000 000 
000 000 000 000 000 000 000 000 000 000 81d 000 000 000 000 000 
000 000 000 000 000 000 000 000 000 000 000 000 000 000 000 000 115
000 000 000 000 000 000 000 000 000 000 000 000 000 000 000 000 
000 000 000 000 000 000 000 000 000 000 000 000 000 000 000 000 
000 000 000 000 000 000 000 000 000 000 000 000 000 000 000 000 
000 000 000 000 000 000 000 000 000 000 000 000 000 000 000 000 
107 107 107 107 107 106 035 035 035 035 146 000 000 000 000 000 120
127 127 127 127 187 116 000 000 000 000 156 000 000 000 000 000 
000 000 000 000 118 116 000 000 000 000 156 000 000 813 000 000 
000 000 000 000 118 116 000 000 000 000 156 813 000 000 000 000 
000 000 000 000 118 116 000 000 000 000 156 000 000 000 000 000 
000 000 000 000 118 116 000 000 000 000 156 000 000 000 000 000 125
000 000 000 000 118 116 000 000 000 000 166 000 813 000 000 000 
000 000 000 000 118 116 000 000 000 000 000 000 000 000 000 000 
000 000 000 000 118 116 000 000 000 000 000 000 000 000 000 000 
000 000 000 000 118 116 000 000 000 000 000 000 000 000 000 000 
000 000 000 000 118 116 000 000 000 000 000 000 000 000 000 000 130
000 000 000 000 128 126 000 000 000 000 000 000 000 000 000 000 
000 000 000 000 000 000 000 000 000 000 000 000 000 000 000 000 
000 000 000 000 000 000 000 000 000 000 000 000 000 000 000 000 
000 000 000 000 000 000 000 000 000 000 000 000 000 000 000 000 
000 000 000 000 000 000 000 000 000 000 000 000 000 000 000 000 135
000 000 000 000 000 000 000 000 000 000 000 000 000 000 000 000 
000 000 000 000 000 000 000 000 000 000 000 000 000 000 000 000 
000 000 000 000 000 000 000 000 000 000 000 000 000 000 000 000 
000 000 000 000 000 000 000 000 000 000 000 000 000 000 000 000 
000 000 000 000 000 000 000 000 000 000 000 000 000 000 000 000 140
107 107 107 107 107 107 106 008 c0d 000 000 000 000 000 000 000 
117 117 117 117 117 117 116 009 008 c0d 000 000 000 000 000 000 
117 117 117 117 117 117 116 009 009 008 c0d 000 000 000 000 000 
117 117 117 117 117 117 116 000 000 000 000 000 000 000 000 000 
117 117 117 117 117 117 116 000 000 000 000 000 000 000 000 000 145
127 127 127 127 127 127 126 000 000 000 000 000 000 000 000 000 
000 000 000 000 000 000 000 000 000 000 000 000 000 000 000 000 
000 000 000 000 000 000 000 000 000 000 000 000 000 000 000 000 
000 000 000 000 000 000 000 000 000 c0e 000 000 000 000 000 000 
000 000 000 000 000 000 000 000 000 000 000 000 000 000 000 000 150
000 000 000 000 000 000 000 000 000 000 000 000 000 000 000 000 
000 000 000 000 000 000 000 000 000 000 000 000 000 000 000 000 
000 000 000 000 000 000 000 000 000 000 000 000 000 000 000 000 
000 000 000 000 000 000 000 000 000 000 000 000 000 000 000 000 
000 000 000 000 000 000 000 000 000 000 000 000 000 000 000 000 155
000 000 000 000 000 000 000 000 000 000 000 000 000 000 000 000 
000 000 000 000 000 000 000 000 000 000 000 000 000 000 000 000 
000 000 000 000 000 000 000 000 000 000 000 000 000 000 000 000 
107 106 000 000 000 000 000 000 000 000 000 000 000 000 000 000 
117 116 000 000 000 000 000 000 000 000 813 000 000 000 000 000 160
117 116 000 000 000 000 000 000 000 000 000 000 000 000 000 000 
117 116 000 000 000 000 000 000 000 000 000 000 000 000 000 000 
117 116 000 000 000 000 000 000 000 000 000 000 000 000 000 000 
117 116 1d7 000 000 000 000 000 000 000 000 000 000 000 000 000 
117 116 000 000 000 000 000 000 000 000 000 000 000 000 000 000 165
117 116 0a4 81c 81c 81c 81c 81c 81c 81c 81c 81b 81a 000 000 000 
117 116 000 000 000 000 000 000 000 000 000 0b1 0b0 006 006 006 
117 116 000 000 000 000 000 000 000 000 000 000 000 000 000 000 
117 116 000 000 000 000 000 000 000 000 000 000 000 000 000 000 
117 116 000 000 000 000 000 000 000 000 000 000 000 000 000 000 170
117 116 000 000 000 000 000 000 000 000 000 000 000 000 000 000 
117 116 0b4 0b3 0b2 000 000 000 000 000 000 000 000 000 000 000 
117 116 0c4 0c3 0c2 0c1 0c0 000 000 000 000 000 000 000 000 000 
117 116 0d4 0d3 0d2 0d1 0d0 000 000 000 000 000 000 000 000 000 
117 116 0e4 0e3 0e2 0e1 0e0 000 000 000 000 000 000 000 000 000 175
117 116 0f4 0f3 0f2 000 000 000 000 000 000 000 000 000 000 000 
117 116 1d8 000 000 000 000 000 000 000 000 000 000 000 000 000 
117 116 000 000 000 000 000 000 000 000 000 000 000 000 000 000 