16 17 20 21 22 23 16 17 20 21 22 23 00 00 00 00
00 00 00 04 02 00 00 00 00 04 02 00 00 00 00 00
00 00 00 04 02 00 00 00 00 04 02 00 00 00 00 00
18 19 24 25 26 27 18 19 24 25 26 27 00 00 00 00
16 17 20 21 22 23 16 17 20 21 22 23 00 00 00 00
00 00 00 04 02 00 00 00 00 04 02 00 00 00 00 00
00 00 00 04 02 00 00 00 00 04 02 00 00 00 00 00
18 19 24 25 26 27 18 19 24 25 26 27 00 00 00 00
16 17 20 21 22 23 16 17 20 21 22 23 00 00 00 00
00 00 00 04 02 00 00 00 00 04 02 00 00 00 00 00
00 00 00 04 02 00 00 00 00 04 02 00 00 00 00 00
18 19 24 25 26 27 18 19 24 25 26 27 00 00 00 00
00 00 00 00 00 00 00 00 00 00 00 00 00 00 00 00
00 00 00 00 00 00 00 00 00 00 00 00 00 00 00 00
00 00 00 00 00 00 00 00 00 00 00 00 00 00 00 00
00 00 00 00 00 00 00 00 00 00 00 00 00 00 00 00