00 15 15 15 15 15 15 15 15 15 00 00 01 01 01 00
13 11 12 01 13 11 12 01 07 05 00 00 00 00 00 00
04 02 14 03 04 02 14 03 10 08 00 01 01 01 01 01
13 11 12 01 13 11 12 01 15 15 00 00 00 00 00 00
04 02 14 03 04 02 14 03 15 15 15 00 00 00 04 00
03 02 03 04 01 15 15 00 15 00 00 00 00 00 00 00
15 01 01 01 07 05 07 05 15 00 00 00 00 00 00 00
12 00 00 00 10 08 10 08 00 00 00 00 00 00 00 00
09 00 00 00 00 00 00 00 00 00 00 00 00 00 00 00
09 00 00 00 00 00 00 00 00 00 00 00 00 00 00 00
00 00 00 00 00 00 00 00 00 00 00 00 00 00 00 00
00 00 00 00 00 00 00 00 00 00 00 00 00 00 00 00
00 00 00 00 00 00 00 00 00 00 00 00 00 00 00 00
00 00 00 00 00 00 00 00 00 00 00 00 00 00 00 00
00 00 00 00 00 00 00 00 00 00 00 00 00 00 00 00
00 00 00 00 00 00 00 00 00 00 00 00 00 00 00 00