07 01 05 12 13 06 11 15 01 01 01 01 01 00 00 00
04 00 02 09 00 00 00 00 00 00 00 00 00 00 00 00
10 03 08 14 00 00 00 00 04 02 00 00 00 00 00 00
07 01 05 12 13 06 11 15 01 01 01 01 01 00 00 00
04 00 02 09 00 00 00 00 00 00 00 00 00 00 00 00
10 03 08 14 00 00 00 00 04 02 00 00 00 00 00 00
07 01 05 12 13 06 11 15 01 01 01 01 01 00 00 00
04 00 02 09 00 00 00 00 00 00 01 01 01 00 00 00
10 03 08 14 00 00 00 00 04 02 01 01 01 00 00 00
07 01 05 12 13 06 11 15 01 01 01 01 01 00 01 00
04 00 02 09 00 00 00 00 00 00 00 00 01 00 00 00
10 03 08 14 00 00 00 00 04 02 00 00 00 00 00 00
07 01 05 12 13 06 11 15 01 01 01 01 01 01 01 01
04 00 02 09 00 00 00 00 00 00 00 00 00 00 00 00
10 03 08 14 00 00 00 00 04 02 00 00 00 00 00 00
07 01 05 04 00 02 10 03 08 00 00 00 00 00 00 00