5
222
16
0
0
0
0
0
0
0
0
0
11d 11c 000 000 000 000 000 000 000 000 000 000 000 000 000 000 
11d 11c 000 000 000 000 000 000 000 000 000 000 000 000 000 000 
11d 11c 000 000 000 000 000 000 000 000 000 000 000 000 000 000 
11d 11c 000 000 000 000 000 000 000 000 000 000 000 000 000 000 
11d 11c 1e8 1e7 000 000 000 000 000 000 000 000 000 000 000 000 5
11d 11c 1f8 1f7 000 000 000 000 000 000 000 000 000 000 000 000 
11d 11c 000 000 000 000 000 000 000 000 000 000 000 000 000 000 
11d 11c 000 000 000 000 000 000 000 000 000 000 000 000 000 000 
11d 11c 000 000 000 000 000 000 000 000 000 000 000 000 000 000 
11d 11c 000 000 000 000 000 000 000 000 000 000 000 000 000 000 10
11d 11c 000 000 000 000 000 000 000 000 000 000 000 000 000 000 
11d 11c 1de 1dd 000 000 000 000 000 000 000 000 000 000 000 000 
11d 11c 1ee 1ed 000 000 000 000 000 000 000 000 000 000 000 000 
11d 11c 000 000 000 000 000 000 000 000 000 000 000 000 000 000 
11d 11c 000 000 000 000 000 000 000 000 000 000 000 000 000 000 15
11d 11c 000 000 000 000 000 000 000 000 000 000 000 000 000 000 
11d 11c 000 000 000 000 000 000 000 000 000 000 000 000 000 000 
11d 11c c02 000 000 000 000 000 000 000 000 000 000 000 000 000 
11d 11c 000 000 000 000 000 000 1dc 000 000 000 000 000 000 000 
11d 11c 1fd 1fd 1fd 1fd 1fd 1fd 1ec 000 000 000 000 000 000 000 20
11d 11c 000 000 000 000 000 000 1fc 000 000 000 000 000 000 000 
11d 11c 000 000 000 000 000 000 000 000 000 000 000 000 000 000 
11d 11c 1de 1dd 000 000 000 000 000 000 000 000 000 000 000 000 
11d 11c 1ee 1ed 000 000 000 000 000 000 000 000 000 000 000 000 
11d 11c c01 000 000 000 000 000 000 000 000 000 000 000 000 000 25
11d 11c c01 000 000 000 000 000 1dc 000 000 000 000 000 000 000 
11d 11c 1fd 1fd 1fd 1fd 1fd 1fd 1ec 000 000 000 000 000 000 000 
11d 11c c01 000 000 000 000 000 1fc 000 000 000 000 000 000 000 
11d 11c 000 000 000 000 000 000 000 000 000 000 000 000 000 000 
11d 11c 000 000 000 000 000 000 000 000 000 000 000 000 000 000 30
11d 11c 000 000 000 000 000 000 000 000 000 000 000 000 000 000 
11d 11c 000 000 000 000 000 000 000 000 000 000 000 000 000 000 
11d 11c 000 000 000 000 000 000 000 000 000 000 000 000 000 000 
11d 11c c02 000 000 000 000 000 000 000 000 000 000 000 000 000 
11d 11c c02 000 000 000 000 000 000 000 000 000 000 000 000 000 35
11d 11c 000 000 000 000 000 000 000 000 000 000 000 000 000 000 
11d 11c c02 000 000 000 000 000 000 000 000 000 000 000 000 000 
11d 11c 000 000 000 000 000 000 000 000 000 000 000 000 000 000 
11d 11c 1ae 1ad 1ac 000 000 000 000 000 000 000 000 000 000 000 
11d 11c 1be 1bd 1bc 000 000 000 000 000 000 000 000 000 000 000 40
11d 11c 1ce 1cd 1cc 000 000 000 000 000 000 000 000 000 000 000 
11d 11c 000 000 000 000 000 000 000 000 000 000 000 000 000 000 
11d 209 208 c02 000 000 000 000 000 000 000 000 000 000 000 000 
11d 11d 209 208 000 000 000 000 000 000 000 000 000 000 000 000 
11d 11d 11d 11c c02 000 000 000 000 000 000 000 000 000 000 000 45
11d 11d 11d 11c 000 000 000 000 000 000 000 000 000 000 000 000 
11d 11d 219 218 000 000 000 000 000 000 000 000 000 000 000 000 
11d 219 218 000 000 000 000 000 000 000 000 000 000 000 000 000 
11d 11c 000 000 000 000 000 000 000 000 000 000 000 000 000 000 
11d 11c 040 000 000 000 000 000 000 000 000 000 000 000 000 000 50
11d 11c 000 000 000 000 000 000 000 000 000 000 000 000 000 000 
11d 11c 000 000 000 000 000 000 000 000 000 000 000 000 000 000 
11d 11c 000 000 000 000 000 000 000 000 000 000 000 000 000 000 
11d 11c 000 000 000 000 000 000 000 000 000 000 000 000 000 000 
11d 11c 000 000 000 000 000 000 000 000 000 000 000 000 000 000 55
11d 11c 000 000 000 81d 000 000 000 000 000 000 000 000 000 000 
11d 11c 1de 1dd 000 81d 000 000 000 000 000 000 000 000 000 000 
11d 11c 1ee 1ed 000 81d 000 000 000 000 000 000 000 000 000 000 
11d 11c 000 000 000 000 000 000 000 000 000 000 000 000 000 000 
11d 11c 000 000 000 000 000 000 000 000 000 000 000 000 000 000 60
11d 11c 040 040 040 000 000 000 801 000 000 000 000 000 000 000 
11d 11c 000 000 000 000 000 000 000 000 000 000 000 000 000 000 
11d 11c 000 000 000 000 000 000 000 000 000 000 000 000 000 000 
11d 11c 000 000 000 000 000 000 000 000 000 000 000 000 000 000 
11d 11c 000 000 000 000 000 000 000 000 000 000 000 000 000 000 65
11d 11c 000 000 000 000 000 000 000 000 000 000 000 000 000 000 
11d 11c c02 000 000 000 000 000 000 000 000 000 000 000 000 000 
11d 11c 000 000 000 000 000 000 000 000 000 000 000 000 000 000 
11d 11c 000 000 000 000 000 000 000 000 000 000 000 000 000 000 
11d 11c 000 000 000 000 000 000 000 000 000 000 000 000 000 000 70
11d 11c 000 000 000 000 000 000 000 000 000 000 000 000 000 000 
11d 11c c01 000 000 000 000 000 000 000 000 000 000 000 000 000 
11d 11c c01 000 000 000 000 000 000 000 000 000 000 000 000 000 
11d 11c 000 000 000 000 000 000 000 000 000 000 000 000 000 000 
11d 11c c01 000 000 000 000 000 000 000 000 000 000 000 000 000 75
11d 11c 040 040 000 000 000 000 000 000 000 000 000 000 000 000 
11d 11c 000 000 000 000 000 000 000 000 000 000 000 000 000 000 
11d 11c 000 000 000 805 000 000 000 807 000 000 000 000 000 000 
11d 11c c01 000 000 000 000 000 000 000 000 000 000 000 000 000 
12d 12c 040 040 000 000 000 000 000 000 000 000 000 000 000 000 80
000 000 000 000 000 000 000 000 000 000 000 000 000 000 000 000 
000 000 000 000 000 000 000 000 000 000 000 000 000 000 000 000 
10d 10c 000 000 000 000 000 000 000 000 000 000 000 000 000 000 
11d 11c 000 000 000 000 000 000 000 000 000 000 000 000 000 000 
11d 11c 000 000 000 000 000 000 000 000 000 000 000 000 000 000 85
11d 11c 000 000 000 000 000 000 000 000 000 000 000 000 000 000 
11d 11c 000 000 000 000 000 000 000 000 000 000 000 000 000 000 
11d 11c 000 000 000 000 000 000 000 000 000 000 000 000 000 000 
11d 11c 000 000 000 000 000 000 000 000 000 000 000 000 000 000 
11d 11c 000 000 000 000 000 000 000 000 000 000 000 000 000 000 90
11d 11c 000 000 000 000 000 000 000 000 000 000 000 000 000 000 
11d 11c 000 000 000 000 000 000 000 000 000 000 000 000 000 000 
11d 11c 000 000 000 c06 000 000 000 000 000 000 000 000 000 000 
11d 11c 000 000 000 000 000 000 000 000 000 000 000 000 000 000 
11d 11c 000 000 000 000 000 000 000 000 000 000 000 000 000 000 95
11d 11c 000 000 000 000 000 000 000 000 000 000 000 000 000 000 
11d 11c 1ab 1bb 1ba 1aa 1a9 000 000 000 000 000 000 000 000 000 
11d 11c 1da 1d9 000 000 1b9 000 000 000 000 000 000 000 000 000 
11d 11c 1a9 000 000 000 1b9 000 000 000 000 000 000 000 000 000 
11d 11c 1b9 1cb 1ca 000 1b9 000 000 000 000 000 000 000 000 000 100
11d 11c 1c9 000 000 000 1b9 000 000 000 000 000 000 000 000 000 
11d 11c 1da 1d9 000 000 1b9 000 000 000 000 000 000 000 000 000 
11d 11c 1ab 1bb 1ba 1aa 1c9 000 000 000 000 000 000 000 000 000 
11d 11c 000 000 000 000 000 000 000 000 000 000 000 000 000 000 
11d 11c 1ae 1ad 1ac 000 000 000 000 000 000 000 000 000 000 000 105
11d 11c 1be 1bd 1bc 000 000 000 000 000 000 000 000 000 000 000 
11d 11c 1ce 1cd 1cc 000 000 000 000 000 000 000 000 000 000 000 
11d 11c 000 000 000 000 000 000 000 000 000 000 000 000 000 000 
11d 11c 000 000 000 000 000 000 000 000 000 000 000 000 000 000 
11d 11c 000 000 000 000 000 000 000 000 000 000 000 000 000 000 110
11d 11c 000 000 000 000 000 000 000 000 000 000 000 000 000 000 
11d 11c c02 000 000 000 000 000 000 000 000 000 000 000 000 000 
11d 11c 000 000 000 000 000 000 000 000 000 000 000 000 000 000 
11d 11c 000 000 000 000 000 000 000 000 000 000 000 000 000 000 
11d 11c 000 000 000 000 000 000 000 000 000 000 000 000 000 000 115
11d 11c 000 000 000 000 000 000 000 000 000 000 000 000 000 000 
11d 11c 000 000 000 000 000 000 000 000 000 000 000 000 000 000 
11d 11c 000 000 000 000 000 000 000 000 000 000 000 000 000 000 
11d 11c 000 000 000 000 000 000 000 000 000 000 000 000 000 000 
11d 11c c01 000 000 000 000 000 000 000 000 000 000 000 000 000 120
11d 11c 000 000 000 000 000 000 000 000 000 000 000 000 000 000 
11d 11c c01 000 000 000 000 000 000 000 000 000 000 000 000 000 
12d 12c c01 000 000 000 000 000 000 000 000 000 000 000 000 000 
000 000 000 000 000 000 000 000 000 000 000 000 000 000 000 000 
000 000 000 000 000 000 000 000 000 000 000 000 000 000 000 000 125
10d 10c 000 000 000 000 000 000 000 000 000 000 000 000 000 000 
11d 11c 040 040 000 000 000 000 804 000 000 000 000 000 000 000 
12d 12c 000 000 000 000 000 000 000 000 000 000 000 000 000 000 
000 000 000 000 000 000 000 000 000 000 000 000 000 000 000 000 
000 000 000 000 000 000 000 000 000 000 000 000 000 000 000 000 130
10d 23a 228 000 000 000 000 000 000 000 000 000 000 000 000 000 
11d 11d 238 000 000 000 000 000 000 000 000 000 000 000 000 000 
11d 11d 229 228 000 000 000 000 000 000 000 000 000 000 000 000 
11d 11d 11d 238 000 000 000 000 000 000 000 000 000 000 000 000 
11d 11d 11d 209 208 c02 000 000 000 000 000 000 000 000 000 000 135
11d 11d 11d 11d 11c 000 000 000 000 000 000 000 000 000 000 000 
11d 11d 11d 11d 11c 000 000 000 000 000 000 000 000 000 000 000 
11d 11d 11d 11d 209 208 000 000 000 000 000 000 000 000 000 000 
11d 11d 11d 11d 11d 11c 000 000 000 000 000 000 000 000 000 000 
11d 11d 11d 11d 11d 11c 000 000 000 000 000 000 000 000 000 000 140
11d 11d 11d 11d 11d 248 c02 000 000 000 000 000 000 000 000 000 
11d 11d 11d 11d 259 258 c02 000 000 000 000 000 000 000 000 000 
11d 11d 11d 11d 248 000 000 000 000 000 000 000 000 000 000 000 
11d 11d 11d 259 258 c02 000 000 000 000 000 000 000 000 000 000 
11d 11d 219 218 000 000 000 000 000 000 000 000 000 000 000 000 145
11d 11d 248 000 000 000 000 000 000 000 000 000 000 000 000 000 
11d 259 258 000 000 000 000 000 000 000 000 000 000 000 000 000 
11d 11c 000 000 000 000 000 000 000 000 000 000 000 000 000 000 
11d 11c 000 000 000 000 000 000 000 000 000 000 000 000 000 000 
11d 11c c02 000 000 000 000 000 000 000 000 000 000 000 000 000 150
11d 11c c02 000 000 000 000 000 000 000 000 000 000 000 000 000 
11d 11c 1ae 1ad 1ad 1ac 000 000 000 000 000 000 000 000 000 000 
11d 11c 1be 1eb 1bd 1bc 000 000 1dc 000 000 000 000 000 000 000 
11d 11c 1be 1fb 1fa 1bc 1fd 1fd 1ec 000 000 000 000 000 000 000 
11d 11c 1be 1eb 1bd 1bc 000 000 1fc 000 000 000 000 000 000 000 155
11d 11c 1be 1fb 1fa 1bc 000 000 000 000 000 000 000 000 000 000 
11d 11c 1be 1eb 1bd 1bc 000 000 000 000 000 000 000 000 000 000 
11d 11c 1be 1fb 1fa 1bc c01 000 000 000 000 000 000 000 000 000 
11d 11c 1ce 1cd 1cd 1cc 000 000 000 000 000 000 000 000 000 000 
11d 11c 000 000 000 000 000 000 000 000 000 000 000 000 000 000 160
11d 11c 000 000 000 000 000 000 000 000 000 000 000 000 000 000 
11d 11c c02 000 000 000 000 000 000 000 000 000 000 000 000 000 
11d 11c c02 000 000 000 000 000 000 000 000 000 000 000 000 000 
11d 11c 000 000 000 000 000 000 000 000 000 000 000 000 000 000 
11d 11c c02 000 000 000 000 000 000 000 000 000 000 000 000 000 165
11d 11c 000 000 000 000 000 000 000 000 000 000 000 000 000 000 
11d 11c 000 000 000 000 000 000 000 000 000 000 000 000 000 000 
11d 11c 000 000 000 000 000 000 000 000 000 000 000 000 000 000 
11d 11c 000 000 000 000 000 000 000 000 000 000 000 000 000 000 
11d 11c 044 044 043 c03 000 000 000 000 000 000 000 000 000 000 170
11d 11c 054 054 053 000 000 000 000 000 000 000 000 000 000 000 
11d 11c 000 000 000 000 000 000 000 000 000 000 000 000 000 000 
11d 11c 000 000 000 000 000 000 000 000 000 000 000 000 000 000 
11d 11c 000 000 000 000 000 000 000 000 000 000 000 000 000 000 
11d 11c 000 000 000 000 000 000 000 000 000 000 000 000 000 000 175
11d 11c c02 000 000 000 000 000 000 000 000 000 000 000 000 000 
11d 11c 000 000 000 000 000 000 000 000 000 000 000 000 000 000 
11d 11c 000 000 000 000 000 000 000 000 000 000 000 000 000 000 
11d 11c 000 000 000 000 000 000 000 000 000 000 000 000 000 000 
11d 11c c01 000 000 000 000 000 000 000 000 000 000 000 000 000 180
11d 11c 000 000 000 000 000 000 000 000 000 000 000 000 000 000 
11d 11c c01 000 000 000 000 000 000 000 000 000 000 000 000 000 
11d 11c c01 000 000 000 000 000 000 000 000 000 000 000 000 000 
11d 11c 000 000 000 000 000 000 000 000 000 000 000 000 000 000 
11d 11c 000 000 000 000 000 000 000 000 000 000 000 000 000 000 185
11d 11c 000 000 000 000 000 000 000 000 000 000 000 000 000 000 
11d 11c 000 000 000 000 000 000 000 000 000 000 000 000 000 000 
11d 11c 000 000 000 000 000 000 000 000 000 000 000 000 000 000 
11d 11c c01 000 000 000 000 000 000 000 000 000 000 000 000 000 
11d 11c c01 000 000 000 000 000 000 000 000 000 000 000 000 000 190
11d 11c c01 000 000 000 000 000 000 000 000 000 000 000 000 000 
11d 11c 000 000 000 000 000 000 000 000 000 000 000 000 000 000 
11d 11c 040 000 000 000 000 000 000 000 000 000 000 000 000 000 
11d 11c 040 040 000 000 000 000 000 000 000 000 000 000 000 000 
11d 11c 040 040 040 000 000 000 000 000 000 000 000 000 000 000 195
11d 11c 040 040 040 040 000 000 000 000 000 000 000 000 000 000 
11d 11c 040 040 040 040 040 000 000 000 000 000 000 000 000 000 
11d 11c 040 040 040 040 040 040 000 000 000 000 000 000 000 000 
11d 11c 040 040 040 040 040 040 040 000 000 000 000 000 000 000 
11d 11c 040 040 040 040 040 040 040 040 000 000 000 000 000 000 200
11d 11c 040 040 040 040 040 040 040 040 000 000 000 000 000 000 
11d 11c 000 000 000 000 000 000 000 000 000 000 000 000 000 000 
11d 11c 000 000 000 000 000 000 000 000 000 000 000 000 000 000 
11d 11c 000 000 000 000 000 000 000 000 000 000 000 000 000 000 
11d 11c 000 000 000 000 000 000 000 000 000 000 000 000 000 000 205
11d 11c 000 000 000 000 000 000 000 000 000 000 000 000 000 000 
11d 11c 000 000 000 000 000 000 000 000 000 000 000 000 000 000 
11d 11c 000 000 000 000 000 000 000 000 000 000 000 000 000 000 
11d 11c 000 000 000 000 000 000 000 000 000 000 000 000 000 000 
11d 11c 0a4 81c 81c 81c 81c 81c 81c 81c 81c 81b 81a 000 000 000 210
11d 11c 000 000 000 000 000 000 000 000 000 0b1 0b0 006 006 006 
11d 11c 000 000 000 000 000 000 000 000 000 000 000 000 000 000 
11d 11c 000 000 000 000 000 000 000 000 000 000 000 000 000 000 
11d 11c 000 000 000 000 000 000 000 000 000 000 000 000 000 000 
11d 11c 000 000 000 000 000 000 000 000 000 000 000 000 000 000 215
11d 11c 0b4 0b3 0b2 000 000 000 000 000 000 000 000 000 000 000 
11d 11c 0c4 0c3 0c2 0c1 0c0 000 000 000 000 000 000 000 000 000 
11d 11c 0d4 0d3 0d2 0d1 0d0 000 000 000 000 000 000 000 000 000 
11d 11c 0e4 0e3 0e2 0e1 0e0 000 000 000 000 000 000 000 000 000 
11d 11c 0f4 0f3 0f2 000 000 000 000 000 000 000 000 000 000 000 220
11d 11c 000 000 000 000 000 000 000 000 000 000 000 000 000 000 
11d 11c 000 000 000 000 000 000 000 000 000 000 000 000 000 000 