5
144
20
1
192
240
0
0
0
0
0
0
11d 11c 000 000 000 000 000 000 000 000 000 000 000 000 000 000 000 000 000 000 
11d 11c 000 000 000 000 000 000 000 000 000 000 000 000 000 000 000 000 000 000 
11d 11c 000 000 000 000 000 000 000 000 000 000 000 000 000 000 000 000 000 000 
11d 11c 000 000 000 000 000 000 000 000 000 000 000 000 000 000 000 000 000 000 
11d 11c 1e8 1e7 000 000 000 000 000 000 000 000 000 000 000 000 000 000 000 000 5
11d 11c 1f8 1f7 000 000 000 000 000 000 000 000 000 000 000 000 000 000 000 000 
11d 11c 000 000 000 000 000 000 000 000 000 000 000 000 000 000 000 000 000 000 
11d 11c 000 000 000 000 000 000 000 000 000 000 000 000 000 000 000 000 000 000 
11d 11c 1ae 1ac 000 000 000 000 000 000 000 000 000 000 000 000 000 000 000 000 
11d 11c 1be 1bc 000 000 000 000 000 000 000 000 000 000 000 000 000 000 000 000 10
11d 11c 1be 1bc 1ae 1ac 000 000 000 000 000 000 000 000 000 000 000 000 000 000 
11d 11c 1ce 1cc 1be 1bc 000 000 000 000 000 000 000 000 000 000 000 000 000 000 
11d 11c 1ae 1ac 1be 1bc 1ae 1ac 000 000 000 000 000 000 000 000 000 000 000 000 
11d 11c 1be 1bc 1ce 1cc 1be 1bc 000 000 000 000 000 000 000 000 000 000 000 000 
11d 11c 1be 1bc 000 000 1be 1bc 1ae 1ac 804 800 000 000 000 000 000 000 000 000 15
11d 11c 1ce 1cc 000 000 1ce 1cc 1be 1bc 000 000 000 000 000 000 000 000 000 000 
11d 11c 1ae 1ac 000 000 1ae 1ac 1be 1bc 000 000 000 000 000 000 000 000 000 000 
11d 11c 1be 1bc c04 000 1be 1bc 1ce 1cc 804 801 000 000 000 000 000 000 000 000 
11d 11c 1be 1bc 1ae 1ac 1be 1bc 000 000 000 000 000 000 000 000 000 000 000 000 
11d 11c 1ce 1cc 1be 1bc 1ce 1cc 000 000 000 000 000 000 000 000 000 000 000 000 20
11d 11c 1ae 1ac 1be 1bc 000 000 000 000 000 000 000 000 000 000 000 000 000 000 
11d 11c 1be 1bc 1ce 1cc 000 000 000 000 000 000 000 000 000 000 000 000 000 000 
11d 11c 1be 1bc 000 000 000 000 000 000 000 000 000 000 000 000 000 000 000 000 
11d 11c 1ce 1cc 000 000 000 000 000 000 000 000 000 000 000 000 000 000 000 000 
11d 11c 000 000 000 000 000 000 000 000 000 000 000 000 000 000 000 000 000 000 25
12d 12c 000 000 000 000 000 000 000 000 000 000 000 000 000 000 000 000 000 000 
000 000 000 000 040 000 000 000 000 000 000 000 000 000 000 000 000 000 000 000 
000 000 000 000 040 000 000 000 000 000 000 000 000 000 000 000 000 000 000 000 
000 000 000 000 040 000 000 000 000 000 000 000 000 000 000 000 000 000 000 000 
10d 10c 000 000 000 000 000 000 000 000 000 000 000 000 000 000 000 000 000 000 30
11d 11c 000 000 000 000 000 000 000 000 000 000 000 000 000 000 000 000 000 000 
11d 11c 1ae 1ac 000 000 000 000 000 000 000 000 000 000 000 000 000 000 000 000 
11d 11c 1be 1bc 000 000 000 000 000 000 000 000 000 000 000 000 000 000 000 000 
11d 11c 1be 1bc 1ae 1ac 000 000 000 000 000 000 000 000 000 000 000 000 000 000 
11d 11c 1ce 1cc 1be 1bc 000 000 000 000 000 000 000 000 000 000 000 000 000 000 35
11d 11c 1ae 1ac 1be 1bc 1ae 1ac 000 000 000 000 000 000 000 000 000 000 000 000 
11d 11c 1be 1bc 1ce 1cc 1be 1bc 000 000 000 000 000 000 000 000 000 000 000 000 
11d 11c 1be 1bc 1ae 1ac 1be 1bc 1ae 1ac 000 000 000 000 000 000 000 000 000 000 
11d 11c 1ce 1cc 1be 1bc 1ce 1cc 1be 1bc 000 000 000 000 000 000 000 000 000 000 
11d 11c c01 000 1be 1bc c04 000 1be 1bc 1ae 1ac 804 800 000 000 000 000 000 000 40
11d 11c 000 000 1ce 1cc 000 000 1ce 1cc 1be 1bc 000 000 000 000 000 000 000 000 
11d 11c 000 000 1ae 1ac 000 000 1ae 1ac 1be 1bc 000 000 000 000 000 000 000 000 
11d 11c 000 000 1be 1bc c01 000 1be 1bc 1ce 1cc 804 802 000 000 000 000 000 000 
11d 11c 1ae 1ac 1be 1bc 1ae 1ac 1be 1bc 000 000 000 000 000 000 000 000 000 000 
11d 11c 1be 1bc 1ce 1cc 1be 1bc 1ce 1cc 000 000 000 000 000 000 000 000 000 000 45
11d 11c 1be 1bc 1ae 1ac 1be 1bc 000 000 000 000 000 000 000 000 000 000 000 000 
11d 11c 1ce 1cc 1be 1bc 1ce 1cc 000 000 000 000 000 000 000 000 000 000 000 000 
11d 11c 1ae 1ac 1be 1bc 000 000 000 000 000 000 000 000 000 000 000 000 000 000 
11d 11c 1be 1bc 1ce 1cc 000 000 000 000 000 000 000 000 000 000 000 000 000 000 
11d 11c 1be 1bc c01 000 000 000 000 000 000 000 000 000 000 000 000 000 000 000 50
11d 11c 1ce 1cc 000 000 000 000 000 000 000 000 000 000 000 000 000 000 000 000 
11d 11c 000 000 000 000 000 000 000 000 000 000 000 000 000 000 000 000 000 000 
12d 12c 000 000 000 000 000 000 000 000 000 000 000 000 000 000 000 000 000 000 
000 000 000 000 040 000 000 000 000 000 000 000 000 000 000 000 000 000 000 000 
000 000 000 000 040 000 000 000 000 000 000 000 000 000 000 000 000 000 000 000 55
000 000 000 000 040 000 000 000 000 000 000 000 000 000 000 000 000 000 000 000 
10d 10c 000 000 000 000 000 000 000 000 000 000 000 000 000 000 000 000 000 000 
11d 11c 000 000 000 000 000 000 000 000 000 000 000 000 000 000 000 000 000 000 
11d 11c 1ae 1ac 000 000 000 000 000 000 000 000 000 000 000 000 000 000 000 000 
11d 11c 1be 1bc 000 000 000 000 000 000 000 000 000 000 000 000 000 000 000 000 60
11d 11c 1be 1bc 1ae 1ac 000 000 000 000 000 000 000 000 000 000 000 000 000 000 
11d 11c 1ce 1cc 1be 1bc 000 000 000 000 000 000 000 000 000 000 000 000 000 000 
11d 11c 1ae 1ac 1be 1bc 1ae 1ac 000 000 000 000 000 000 000 000 000 000 000 000 
11d 11c 1be 1bc 1ce 1cc 1be 1bc 000 000 000 000 000 000 000 000 000 000 000 000 
11d 11c 1be 1bc 1ae 1ac 1be 1bc 1ae 1ac 000 000 000 000 000 000 000 000 000 000 65
11d 11c 1ce 1cc 1be 1bc 1ce 1cc 1be 1bc 000 000 000 000 000 000 000 000 000 000 
11d 11c 1ae 1ac 1be 1bc 1ae 1ac 1be 1bc 1ae 1ac 000 000 000 000 000 000 000 000 
11d 11c 1be 1bc 1ce 1cc 1be 1bc 1ce 1cc 1be 1bc 000 000 000 000 000 000 000 000 
11d 11c 1be 1bc 1ae 1ac 1be 1bc 1ae 1ac 1be 1bc 1ae 1ac 000 000 000 000 000 000 
11d 11c 1ce 1cc 1be 1bc 1ce 1cc 1be 1bc 1ce 1cc 1be 1bc 000 000 000 800 000 000 70
11d 11c 1ae 1ac 1be 1bc 1ae 1ac 1be 1bc 1ae 1ac 1be 1bc 000 000 000 801 000 000 
11d 11c 1be 1bc 1ce 1cc 1be 1bc 1ce 1cc 1be 1bc 1ce 1cc 000 000 000 000 000 000 
11d 11c 1be 1bc 1ae 1ac 1be 1bc 1ae 1ac 1be 1bc 000 000 000 000 000 000 000 000 
11d 11c 1ce 1cc 1be 1bc 1ce 1cc 1be 1bc 1ce 1cc 000 000 000 000 000 000 000 000 
11d 11c 1ae 1ac 1be 1bc 1ae 1ac 1be 1bc c01 000 000 000 000 000 000 000 000 000 75
11d 11c 1be 1bc 1ce 1cc 1be 1bc 1ce 1cc 000 000 000 000 000 000 000 000 000 000 
11d 11c 1be 1bc 1ae 1ac 1be 1bc c01 000 000 000 000 000 000 000 000 000 000 000 
11d 11c 1ce 1cc 1be 1bc 1ce 1cc 000 000 000 000 000 000 000 000 000 000 000 000 
11d 11c 1ae 1ac 1be 1bc c01 000 000 000 000 000 000 000 000 000 000 000 000 000 
11d 11c 1be 1bc 1ce 1cc 000 000 000 000 000 000 000 000 000 000 000 000 000 000 80
11d 11c 1be 1bc c01 000 000 000 000 000 000 000 000 000 000 000 000 000 000 000 
11d 11c 1ce 1cc 000 000 000 000 000 000 000 000 000 000 000 000 000 000 000 000 
11d 11c 000 000 000 000 000 000 000 000 000 000 000 000 000 000 000 000 000 000 
12d 12c 000 000 000 000 000 000 000 000 000 000 000 000 000 000 000 000 000 000 
000 000 000 000 040 000 000 000 000 000 000 000 000 000 000 000 000 000 000 000 85
000 000 000 000 040 000 000 000 000 000 000 000 000 000 000 000 000 000 000 000 
000 000 000 000 040 000 000 000 000 000 000 000 000 000 000 000 000 000 000 000 
10d 10c 000 000 000 000 000 000 000 000 000 000 000 000 000 000 000 000 000 000 
11d 11c 1de 1dd 000 000 000 000 000 000 000 000 000 000 000 000 000 000 000 000 
11d 11c 1ee 1ed 000 000 000 000 000 000 000 000 000 000 000 000 000 000 000 000 90
11d 11c 000 000 000 000 000 000 000 000 000 000 000 000 000 000 000 000 000 000 
11d 11c 000 000 000 000 000 000 000 000 000 000 000 000 000 000 000 000 000 000 
11d 11c 808 000 000 000 000 000 000 000 000 000 000 000 000 000 000 000 000 000 
11d 11c 804 804 000 000 000 000 000 000 000 000 000 000 000 000 000 000 000 000 
11d 11c 804 804 804 000 000 000 000 000 000 000 000 000 000 000 000 000 000 000 95
11d 11c 804 804 804 804 000 000 000 000 000 000 000 000 000 000 000 000 000 000 
11d 11c 804 804 804 804 804 c02 000 000 000 000 000 000 000 000 000 000 000 000 
11d 11c 804 804 804 804 804 804 000 000 000 000 000 000 000 000 000 000 000 000 
11d 11c 804 804 804 804 804 804 804 000 000 000 000 000 000 000 000 000 000 000 
11d 11c 804 804 804 804 804 804 000 000 000 000 000 000 000 000 000 000 000 000 100
11d 11c 804 804 804 804 804 000 000 000 000 000 000 000 000 000 000 000 000 000 
11d 11c 804 804 804 804 000 000 000 000 000 000 000 000 000 000 000 000 000 000 
11d 11c 804 804 804 000 000 000 000 000 000 000 000 000 000 000 000 000 000 000 
11d 11c 804 804 000 000 000 000 000 000 000 000 000 000 000 000 000 000 000 000 
11d 11c 804 000 000 000 000 000 1dc 000 000 000 000 000 000 000 000 000 000 000 105
11d 11c 1fe 1fd 1fd 1fd 1fd 1fd 1ec 000 000 000 000 000 000 000 000 000 000 000 
11d 11c 804 000 000 000 000 000 1fc 000 000 000 000 000 000 000 000 000 000 000 
11d 11c 804 804 000 000 000 000 000 000 000 000 000 000 000 000 000 000 000 000 
11d 11c 804 804 804 000 000 000 000 000 000 000 000 000 000 000 000 000 000 000 
11d 11c 804 804 804 804 000 000 000 000 000 000 000 000 000 000 000 000 000 000 110
11d 11c 804 804 804 804 804 c02 000 000 000 000 000 000 000 000 000 000 000 000 
11d 11c 804 804 804 804 804 804 000 000 000 000 000 000 000 000 000 000 000 000 
11d 11c 804 804 804 804 804 804 804 000 000 000 000 000 000 000 000 000 000 000 
11d 11c 804 804 804 804 804 804 000 000 000 000 000 000 000 000 000 000 000 000 
11d 11c 804 804 804 804 804 000 000 000 000 000 000 000 000 000 000 000 000 000 115
11d 11c 804 804 804 804 000 000 000 000 000 000 000 000 000 000 000 000 000 000 
11d 11c 804 804 804 000 000 000 000 000 000 000 000 000 000 000 000 000 000 000 
11d 11c 804 804 000 000 000 000 000 000 000 000 000 000 000 000 000 000 000 000 
11d 11c 804 000 000 000 000 000 000 000 000 000 000 000 000 000 000 000 000 000 
11d 11c 000 000 000 000 000 000 000 000 000 000 000 000 000 000 000 000 000 000 120
11d 11c 000 000 000 000 000 000 000 000 000 000 000 000 000 000 000 000 000 000 
11d 11c 042 041 c03 000 000 000 000 000 000 000 000 000 000 000 000 000 000 000 
11d 11c 052 051 000 000 000 000 000 000 000 000 000 000 000 000 000 000 000 000 
11d 11c 000 000 000 000 000 000 000 000 000 000 000 000 000 000 000 000 000 000 
11d 11c 000 000 000 000 000 000 000 000 000 000 000 000 000 000 000 000 000 000 125
11d 11c 042 042 041 c03 000 000 000 000 000 000 000 000 000 000 000 000 000 000 
11d 11c 052 052 051 000 000 000 000 000 000 000 000 000 000 000 000 000 000 000 
11d 11c 000 000 000 000 000 000 000 000 000 000 000 000 000 000 000 000 000 000 
11d 11c 000 000 000 000 000 000 000 000 000 000 000 000 000 000 000 000 000 000 
11d 11c 805 000 000 000 000 000 000 000 000 000 000 000 000 000 000 000 000 000 130
11d 11c 804 805 000 000 000 000 000 000 000 000 000 000 000 000 000 000 000 000 
11d 11c 804 804 805 000 000 000 000 000 000 000 000 000 000 000 000 000 000 000 
11d 11c 804 804 804 805 000 000 000 000 000 000 000 000 000 000 000 000 000 000 
11d 11c 804 804 000 804 805 000 000 000 000 000 000 000 000 000 000 000 000 000 
11d 11c 804 804 804 000 804 805 000 000 000 000 000 000 000 000 000 000 000 000 135
11d 11c 804 804 804 804 804 804 805 000 000 000 000 000 000 000 000 000 000 000 
11d 11c 804 804 804 804 804 000 804 805 000 000 000 000 000 000 000 000 000 000 
11d 11c 804 000 804 805 804 804 804 000 805 000 000 000 000 000 000 000 000 000 
11d 11c 002 002 002 81e 804 804 000 000 805 000 000 000 000 000 000 000 000 000 
11d 11c 012 012 012 81f 804 804 000 000 805 000 000 000 000 000 000 000 000 000 140
11d 11c 804 804 804 804 804 804 c02 000 000 000 000 000 000 000 000 000 000 000 
11d 11c 804 804 804 804 000 804 805 805 805 805 805 805 805 805 805 805 805 805 
11d 11c 805 805 805 805 805 805 805 805 805 805 805 805 805 805 805 805 805 805 
11d 15d 10d 10d 10d 10d 10d 10d 10d 10d 10d 10d 10d 10d 10d 10d 10d 10d 10d 10d 
