5
34
16
0
0
0
0
0
0
0
0
0
11d 11c 000 000 000 000 000 000 000 000 000 000 000 000 000 000 
11d 11c 000 000 000 000 000 000 000 000 000 000 000 000 000 000 
11d 11c 002 001 000 000 000 000 000 000 000 000 000 000 000 000 
11d 11c 012 011 000 000 000 000 000 000 000 000 000 000 000 000 
11d 11c 040 000 000 000 000 000 000 000 000 000 000 000 000 000 5
11d 11c 040 040 000 000 000 000 000 000 000 000 000 000 000 000 
11d 11c 040 040 040 000 000 000 000 000 000 000 000 000 000 000 
11d 11c 040 040 040 040 000 000 000 000 000 000 000 000 000 000 
11d 11c 040 040 040 040 040 000 000 000 000 000 000 000 000 000 
11d 11c 040 040 040 040 040 040 000 000 000 000 000 000 000 000 10
11d 11c 040 040 040 040 040 040 040 000 000 000 000 000 000 000 
11d 11c 040 040 040 040 040 040 040 040 000 000 000 000 000 000 
11d 11c 040 040 040 040 040 040 040 040 000 000 000 000 000 000 
11d 11c 000 000 000 000 000 000 000 000 000 000 000 000 000 000 
11d 11c 000 000 000 000 000 000 000 000 000 000 000 000 000 000 15
11d 11c 1de 1dd 000 000 000 000 000 000 000 000 000 000 000 000 
11d 11c 1ee 1ed 000 000 000 000 000 000 000 000 000 000 000 000 
11d 11c 000 000 000 000 000 000 000 000 000 000 000 000 000 000 
11d 11c 000 000 000 000 000 000 000 000 000 000 000 000 000 000 
11d 11c 000 000 000 000 000 000 000 000 000 000 000 000 000 000 20
11d 11c 000 000 000 000 000 000 000 000 000 000 000 000 000 000 
11d 11c 0a4 81c 81c 81c 81c 81c 81c 81c 81c 81b 81a 000 000 000 
11d 11c 000 000 000 000 000 000 000 000 000 0b1 0b0 006 006 006 
11d 11c 000 000 000 000 000 000 000 000 000 000 000 000 000 000 
11d 11c 000 000 000 000 000 000 000 000 000 000 000 000 000 000 25
11d 11c 000 000 000 000 000 000 000 000 000 000 000 000 000 000 
11d 11c 000 000 000 000 000 000 000 000 000 000 000 000 000 000 
11d 11c 0b4 0b3 0b2 000 000 000 000 000 000 000 000 000 000 000 
11d 11c 0c4 0c3 0c2 0c1 0c0 000 000 000 000 000 000 000 000 000 
11d 11c 0d4 0d3 0d2 0d1 0d0 000 000 000 000 000 000 000 000 000 30
11d 11c 0e4 0e3 0e2 0e1 0e0 000 000 000 000 000 000 000 000 000 
11d 11c 0f4 0f3 0f2 000 000 000 000 000 000 000 000 000 000 000 
11d 11c 000 000 000 000 000 000 000 000 000 000 000 000 000 000 
11d 11c 000 000 000 000 000 000 000 000 000 000 000 000 000 000 
