4
26
16
0
0
0
0
0
0
0
0
0
1f9 1e9 000 000 000 000 000 000 000 000 047 046 000 000 047 046 
1f9 1e9 000 000 000 000 000 000 000 000 057 056 000 000 057 056 
1f9 1e9 000 000 000 000 000 000 000 000 000 000 047 046 000 000 
1f9 1e9 000 000 000 000 000 000 000 000 000 000 057 056 000 000 
1f9 1e9 000 000 000 801 000 000 000 000 047 046 000 000 047 046 5
1f9 1e9 000 000 000 801 000 000 000 000 057 056 000 000 057 056 
1f9 1e9 000 000 000 801 000 000 000 000 000 000 047 046 000 000 
1f9 1e9 000 000 000 801 000 000 000 000 000 000 057 056 000 000 
1f9 1e9 000 000 000 000 000 000 000 000 047 046 000 000 047 046 
1f9 1e9 000 000 000 000 000 000 000 000 057 056 000 000 057 056 10
1f9 1e9 000 000 000 000 000 000 000 000 000 000 047 046 000 000 
1f9 1e9 000 000 000 000 000 000 000 000 000 000 057 056 000 000 
1f9 1e9 000 000 000 000 000 000 000 000 047 046 000 000 047 046 
1f9 1e9 0a4 81c 81c 81c 81c 81b 81a 000 057 056 000 000 057 056 
1f9 1e9 000 000 000 000 000 0b1 0b0 000 000 000 047 046 000 000 15
1f9 1e9 000 000 000 000 000 000 000 000 000 000 057 056 000 000 
1f9 1e9 000 000 000 000 000 000 000 000 047 046 000 000 047 046 
1f9 1e9 000 000 000 000 000 000 000 000 057 056 000 000 057 056 
1f9 1e9 000 000 000 000 000 000 000 000 000 000 047 046 000 000 
1f9 1e9 0b4 0b3 0b2 000 000 000 000 000 000 000 057 056 000 000 20
1f9 1e9 0c4 0c3 0c2 0c1 0c0 000 000 000 047 046 000 000 047 046 
1f9 1e9 0d4 0d3 0d2 0d1 0d0 000 000 000 057 056 000 000 057 056 
1f9 1e9 0e4 0e3 0e2 0e1 0e0 000 000 000 000 000 047 046 000 000 
1f9 1e9 0f4 0f3 0f2 000 000 000 000 000 000 000 057 056 000 000 
1f9 1e9 000 000 000 000 000 000 000 000 047 046 000 000 047 046 25
1f9 1e9 000 000 000 000 000 000 000 000 057 056 000 000 057 056  
