4
72
16
0
0
0
0
0
0
0
0
0
1f9 1e9 000 000 000 000 000 000 000 000 067 066 000 000 067 066 
1f9 1e9 000 000 000 000 000 000 000 000 077 076 000 000 077 076 
1f9 1e9 000 000 000 000 000 000 000 000 000 000 067 066 000 000 
1f9 1e9 000 000 000 000 000 000 000 000 000 000 077 076 000 000 
1f9 1e9 000 000 000 000 000 000 000 000 067 066 000 000 067 066 5
1f9 1e9 000 000 000 000 000 000 000 000 077 076 000 000 077 076 
1f9 1e9 000 000 000 000 000 000 000 000 000 000 067 066 000 000 
1f9 1e9 000 000 000 000 000 000 000 000 000 000 077 076 000 000 
1f9 1e9 000 000 000 000 000 000 000 000 000 000 000 000 000 000 
1f9 1e9 040 040 040 000 000 000 000 000 000 000 000 000 000 000 10
1f9 1e9 040 040 040 000 000 000 000 000 000 000 000 000 000 000 
1f9 1e9 040 040 040 040 040 040 000 000 000 000 000 000 000 000 
1f9 1e9 040 040 040 040 040 040 000 000 000 000 000 000 000 000 
1f9 1e9 040 040 040 040 040 040 000 000 000 000 000 000 000 000 
1f9 1e9 000 000 000 803 000 025 000 000 000 000 000 000 000 000 15
1f9 1e9 000 000 000 000 000 025 000 000 000 000 000 000 000 000 
1f9 1e9 000 000 000 000 000 025 000 000 000 000 000 000 000 000 
1f9 1e9 000 000 000 000 000 025 000 000 000 000 000 000 000 000 
1f9 1e9 000 000 000 000 000 025 000 000 000 000 000 000 000 000 
1f9 1e9 000 000 000 000 000 025 000 000 000 000 000 000 000 000 20
1f9 1e9 000 000 000 000 000 025 000 000 000 000 000 000 000 000 
1f9 1e9 000 000 000 000 000 025 000 000 000 000 000 000 000 000 
1f9 1e9 000 000 000 000 000 025 000 000 000 000 000 000 000 000 
1f9 1e9 000 000 000 000 000 025 000 000 000 000 000 000 000 000 
1f9 1e9 000 000 000 000 000 025 000 000 000 000 000 000 000 000 25
1f9 1e9 000 000 040 040 040 040 000 000 000 000 000 000 000 000 
1f9 1e9 000 000 040 000 000 025 000 000 000 000 000 000 000 000 
1f9 1e9 000 000 040 000 000 025 000 000 000 000 000 000 000 000 
1f9 1e9 000 000 040 000 000 025 000 000 000 000 000 000 000 000 
1f9 1e9 000 000 040 000 000 025 000 000 000 000 000 000 000 000 30
1f9 1e9 000 000 040 000 000 025 000 000 000 000 000 000 000 000 
1f9 1e9 000 000 040 000 000 025 000 000 000 000 000 000 000 000 
1f9 1e9 000 000 040 000 000 025 000 000 000 000 000 000 000 000 
1f9 1e9 000 000 040 000 000 025 000 000 000 000 000 000 000 000 
1f9 1e9 000 000 040 000 000 025 000 000 000 000 000 000 000 000 35
1f9 1e9 000 000 040 000 000 025 000 000 000 000 000 000 000 000 
1f9 1e9 000 000 040 000 000 025 000 000 000 000 000 000 000 000 
1f9 1e9 000 000 040 000 000 040 000 000 000 000 000 000 000 000 
1f9 1e9 000 000 040 000 000 040 000 000 000 000 000 000 000 000 
1f9 1e9 000 000 040 000 000 040 000 000 000 000 000 000 000 000 40
1f9 1e9 000 000 040 000 000 040 000 000 000 000 000 000 000 000 
1f9 1e9 000 000 040 000 000 040 000 000 000 803 000 000 000 000 
1f9 1e9 000 000 040 000 000 040 000 000 000 803 000 000 000 000 
1f9 1e9 000 000 040 000 000 040 000 000 000 803 000 000 000 000 
1f9 1e9 000 000 040 000 000 040 000 000 000 000 000 000 000 000 45
1f9 1e9 000 000 040 000 000 040 040 040 040 040 000 000 000 000 
1f9 1e9 000 000 040 000 000 000 000 803 000 040 000 000 000 000 
1f9 1e9 000 000 040 000 000 000 000 803 000 040 000 000 000 000 
1f9 1e9 000 000 040 000 000 000 000 000 000 040 000 000 000 000 
1f9 1e9 000 000 040 000 000 000 000 000 000 040 000 000 000 000 50
1f9 1e9 000 000 040 000 000 000 000 000 000 040 000 000 067 066 
1f9 1e9 015 015 040 015 015 015 015 015 015 040 015 015 077 076 
1f9 1e9 000 000 000 000 000 000 000 000 000 000 000 000 000 000 
1f9 1e9 000 000 000 000 000 000 000 000 000 000 000 000 000 000 
1f9 1e9 000 000 000 000 000 000 000 000 000 000 000 000 067 066 55
1f9 1e9 000 000 000 000 000 000 000 000 000 000 000 000 077 076 
1f9 1e9 000 000 000 000 000 000 000 000 000 000 067 066 000 000 
1f9 1e9 000 000 000 000 000 000 000 000 000 000 077 076 000 000 
1f9 1e9 000 000 000 000 000 000 000 000 067 066 000 000 067 066 
1f9 1e9 0a4 81c 81c 81c 81c 81b 81a 000 077 076 000 000 077 076 60
1f9 1e9 000 000 000 000 000 0b1 0b0 000 000 000 067 066 000 000 
1f9 1e9 000 000 000 000 000 000 000 000 000 000 077 076 000 000 
1f9 1e9 000 000 000 000 000 000 000 000 067 066 000 000 067 066 
1f9 1e9 000 000 000 000 000 000 000 000 077 076 000 000 077 076 
1f9 1e9 000 000 000 000 000 000 000 000 000 000 067 066 000 000 65
1f9 1e9 0b4 0b3 0b2 000 000 000 000 000 000 000 077 076 000 000 
1f9 1e9 0c4 0c3 0c2 0c1 0c0 000 000 000 067 066 000 000 067 066 
1f9 1e9 0d4 0d3 0d2 0d1 0d0 000 000 000 077 076 000 000 077 076 
1f9 1e9 0e4 0e3 0e2 0e1 0e0 000 000 000 000 000 067 066 000 000 
1f9 1e9 0f4 0f3 0f2 000 000 000 000 000 000 000 077 076 000 000 70
1f9 1e9 000 000 000 000 000 000 000 000 067 066 000 000 067 066 
1f9 1e9 000 000 000 000 000 000 000 000 077 076 000 000 077 076  