2
165
16
0
0
0
0
0
0
0
0
0
117 116 000 000 000 000 000 000 000 000 000 000 000 000 000 000 
117 116 000 000 000 000 000 000 000 000 000 000 000 000 000 000 
117 116 1e8 1e7 000 000 000 000 000 000 000 000 000 000 000 000 
117 116 1f8 1f7 000 000 000 000 000 000 000 000 000 000 000 000 
117 116 000 000 000 000 000 000 000 000 000 000 000 000 000 000 5
117 116 000 000 000 000 000 000 000 000 000 000 000 000 000 000 
117 116 000 000 000 000 000 000 000 000 000 000 000 000 000 000 
117 116 000 000 000 000 000 000 000 000 000 000 000 000 000 000 
117 116 000 000 000 000 000 000 000 000 000 000 000 000 000 000 
117 116 000 000 000 000 000 000 000 000 000 000 000 000 000 000 10
117 116 000 000 000 000 000 000 000 000 000 000 000 000 000 000 
117 116 1d7 000 000 000 000 000 000 000 000 000 000 000 000 000 
117 116 000 000 000 000 000 000 000 000 000 000 000 000 000 000 
117 116 000 000 000 000 000 000 000 000 000 000 000 000 000 000 
117 116 000 000 000 000 000 000 000 000 000 000 000 000 000 000 15
127 126 000 000 000 000 000 000 000 000 000 000 000 000 000 000 
000 000 000 000 000 000 000 000 000 000 000 000 000 000 000 000 
000 000 000 000 000 000 000 000 000 000 000 000 000 000 000 000 
000 000 1a6 000 000 000 000 000 000 000 000 000 000 000 000 000 
1e6 1e6 1b6 000 000 000 000 000 000 000 000 000 000 000 000 000 20
1f6 1f6 1b6 000 000 000 000 000 000 000 000 000 000 000 000 000 
000 000 1c6 000 000 000 000 000 000 000 000 000 000 000 000 000 
000 000 000 000 000 000 000 000 000 000 000 000 000 000 000 000 
000 000 000 000 000 000 000 000 000 000 000 000 000 000 000 000 
000 000 000 000 000 1a7 000 000 000 000 000 000 000 000 000 000 25
000 000 000 000 000 1b7 000 000 000 000 000 000 000 000 000 000 
000 000 000 000 000 1b7 000 000 000 1a8 000 000 000 000 000 000 
1e6 1e6 1e6 1e6 1e6 1b7 000 000 000 1b8 81d 000 000 000 000 000 
1f6 1f6 1f6 1f6 1f6 1b7 1d6 1d6 1d6 1b8 81d 000 000 000 000 000 
000 000 000 000 000 1b7 000 000 000 1b8 81d 000 000 000 000 000 30
000 000 000 000 000 1b7 000 000 000 1c8 c04 000 000 000 000 000 
000 000 000 000 000 1c7 000 000 000 000 000 000 000 000 000 000 
000 000 1a6 000 000 000 000 000 000 000 000 000 000 000 000 000 
1d6 1d6 1b6 81d 000 000 000 000 000 000 000 000 000 000 000 000 
000 000 1c6 000 000 000 000 000 000 000 000 000 000 000 000 000 35
000 000 000 000 000 000 1a8 000 000 000 000 000 000 000 000 000 
000 000 000 000 000 000 1b8 000 000 000 000 000 000 000 000 000 
1d6 1d6 1d6 1d6 1d6 1d6 1b8 000 000 000 000 000 81d 000 000 000 
000 000 000 000 000 000 1b8 000 000 000 000 000 81d 000 000 000 
000 000 000 000 000 000 1c8 000 000 000 000 000 000 000 000 000 40
000 000 000 000 000 000 000 000 000 000 1a7 000 000 000 000 000 
000 000 000 000 000 000 000 000 000 000 1b7 000 000 000 000 000 
000 000 000 000 000 000 000 000 000 000 1b7 000 000 000 000 000 
1d6 1d6 1d6 1d6 1d6 1d6 1d6 1d6 1d6 1d6 1b7 000 000 000 000 000 
000 000 000 000 000 000 000 000 000 000 1b7 c01 000 000 000 000 45
000 000 000 000 000 000 000 000 000 000 1b7 000 000 000 000 000 
000 000 000 000 000 000 000 000 000 000 1c7 c01 000 000 000 000 
000 000 000 000 000 000 000 000 000 000 000 000 000 000 000 000 
000 000 000 000 000 000 000 000 000 000 000 000 000 000 000 000 
000 000 000 000 000 000 000 000 000 000 000 000 000 000 000 000 50
000 1a8 000 000 000 000 000 000 81d 000 000 000 000 000 000 000 
1e6 1b8 000 000 000 000 000 000 81d 000 000 000 000 000 000 000 
1f6 1b8 000 000 000 000 000 000 000 000 000 000 000 000 000 000 
000 1c8 000 000 000 000 000 000 000 000 000 000 000 000 000 000 
000 000 000 000 000 000 000 000 000 000 000 000 000 000 000 000 55
000 000 000 000 000 000 000 000 c05 000 000 000 000 000 000 000 
000 000 000 000 000 000 000 000 000 000 000 000 000 000 000 000 
000 000 000 000 000 000 000 000 000 000 000 000 000 000 000 000 
000 000 000 000 000 000 000 000 000 000 000 000 000 000 000 000 
000 1a6 000 000 000 801 000 000 000 000 000 000 000 000 000 000 60
000 1b6 000 000 000 000 000 000 000 1a8 000 000 000 000 000 000 
1d6 1b6 1e6 1e6 1e6 1e6 1e6 1e6 1e6 1b8 000 000 000 000 000 000 
000 1b6 1f6 1f6 1f6 1f6 1f6 1f6 1f6 1b8 000 000 000 000 000 000 
000 1c6 000 000 000 000 000 000 000 1c8 000 000 000 000 000 000 
000 000 000 000 000 000 000 000 000 000 000 000 000 000 000 000 65
000 1a7 000 000 000 000 000 000 000 000 000 000 000 000 000 000 
000 1b7 000 000 000 000 000 000 000 000 000 000 000 000 000 000 
1d6 1b7 000 000 000 000 000 000 000 000 000 000 000 000 000 000 
000 1b7 000 000 000 000 000 000 000 000 000 000 000 000 000 000 
000 1c7 000 000 000 000 000 000 000 000 000 000 000 000 000 000 70
000 000 000 000 000 1a6 000 000 000 000 000 000 000 000 000 000 
1d6 1d6 1d6 1d6 1d6 1b6 000 000 000 000 000 000 000 000 000 000 
000 000 000 000 000 1c6 000 000 000 000 000 000 000 000 000 000 
000 000 000 000 000 000 000 000 000 000 000 000 000 000 000 000 
000 000 000 000 000 000 000 c07 000 000 000 000 000 000 000 000 75
000 000 000 000 000 000 000 000 000 000 000 000 000 000 000 000 
000 000 000 000 000 000 000 000 1a8 000 000 000 000 000 000 000 
000 000 000 000 000 000 000 000 1b8 000 000 000 000 000 000 000 
1e6 1e6 1e6 1e6 1e6 1e6 1e6 1e6 1b8 000 000 000 000 000 000 000 
1f6 1f6 1f6 1f6 1f6 1f6 1f6 1f6 1b8 000 000 000 000 000 000 000 80
000 000 000 000 000 000 000 000 1b8 c01 000 000 000 000 000 000 
000 000 000 000 000 000 000 000 1c8 000 000 000 000 000 000 000 
000 000 000 000 000 000 000 000 000 000 000 000 000 000 000 000 
000 000 000 000 000 000 000 000 000 000 000 000 000 000 000 000 
000 000 000 000 000 000 000 000 000 000 000 000 000 000 000 000 85
000 000 000 000 000 000 000 000 000 81d 000 000 000 000 000 000 
000 000 000 000 000 000 c05 000 000 81d 000 000 000 000 000 000 
000 000 000 000 000 000 000 000 000 000 000 000 000 000 000 000 
000 000 000 000 000 000 000 000 000 000 000 000 000 000 000 000 
000 000 000 000 000 000 000 000 000 000 000 000 000 000 000 000 90
000 000 000 000 000 000 000 000 000 000 000 000 000 000 000 000 
000 000 000 000 000 000 000 000 000 000 000 000 000 000 000 000 
000 000 000 000 000 000 000 000 000 000 000 000 000 000 000 000 
000 000 000 000 000 000 000 000 000 000 81d 000 000 000 000 000 
000 000 000 000 000 c05 000 000 000 000 81d 000 000 000 000 000 95
000 000 000 000 000 000 000 000 000 000 000 000 000 000 000 000 
000 000 000 000 000 000 000 000 000 000 000 000 000 000 000 000 
000 000 000 000 000 000 000 000 000 000 81d 000 000 000 000 000 
000 000 000 000 1a7 000 000 000 000 000 81d 000 000 000 000 000 
1e6 1e6 1e6 1e6 1b7 000 000 000 000 000 000 000 000 000 000 000 100
1f6 1f6 1f6 1f6 1b7 000 000 000 000 000 000 000 000 000 000 000 
000 000 000 000 1c7 000 000 000 000 000 000 000 000 000 000 000 
000 000 000 000 000 000 000 000 000 000 000 000 000 000 000 000 
000 000 000 000 000 000 000 000 000 000 000 000 000 000 000 000 
000 000 000 000 000 000 000 1a6 000 000 000 000 000 000 000 000 105
000 000 000 000 000 000 000 1b6 000 000 000 000 000 000 000 000 
000 000 000 000 000 000 000 1b6 000 000 000 000 000 000 000 000 
1e6 1e6 1e6 1e6 1e6 1e6 1e6 1b6 000 000 000 000 000 000 000 000 
1f6 1f6 1f6 1f6 1f6 1f6 1f6 1b6 000 000 000 000 000 000 000 000 
000 000 000 000 000 000 000 1b6 000 000 000 000 000 000 000 000 110
000 000 000 000 000 000 000 1b6 c04 000 000 000 000 000 000 000 
000 000 000 000 000 000 000 1c6 000 000 000 000 000 000 000 000 
000 000 000 000 000 000 000 000 000 000 000 000 000 000 000 000 
000 1a8 81d 000 000 000 000 000 000 000 000 000 000 000 000 000 
1d6 1b8 81d 000 000 000 000 000 c07 000 000 000 000 000 000 000 115
000 1c8 81d 000 000 000 000 000 000 000 000 000 000 000 000 000 
000 000 000 000 000 1a7 000 000 000 000 000 000 000 000 000 000 
1e6 1e6 1e6 1e6 1e6 1b7 000 000 000 000 000 000 000 000 000 000 
1f6 1f6 1f6 1f6 1f6 1b7 000 000 000 000 000 000 000 000 000 000 
000 000 000 000 000 1c7 000 000 000 000 000 000 000 000 000 000 120
000 000 000 000 000 000 000 000 000 81d 000 000 000 000 000 000 
000 000 000 000 000 000 000 000 000 81d 000 000 000 000 000 000 
000 000 000 000 000 1a6 000 000 000 000 000 000 000 000 000 000 
1e6 1e6 1e6 1e6 1e6 1b6 000 000 000 000 000 000 000 000 000 000 
1f6 1f6 1f6 1f6 1f6 1b6 000 000 000 000 000 000 000 000 000 000 125
000 000 000 000 000 1c6 000 000 000 000 000 000 000 000 000 000 
000 000 000 000 000 000 000 000 000 000 000 000 000 000 000 000 
000 000 000 000 000 000 000 000 000 000 000 000 000 000 000 000 
000 000 000 000 000 000 000 000 000 000 000 000 000 000 000 000 
107 106 000 000 000 000 000 000 000 000 000 000 000 000 000 000 130
117 116 000 000 000 000 000 000 000 000 000 000 000 000 000 000 
117 116 000 000 000 000 000 000 000 000 000 000 000 000 000 000 
117 116 000 000 000 000 000 000 c05 000 000 000 000 000 000 000 
117 116 c04 000 000 000 000 000 000 000 000 000 000 000 000 000 
117 116 000 000 000 000 000 000 000 000 000 000 000 000 000 000 135
117 116 1d8 000 000 000 000 000 000 000 000 000 000 000 000 000 
117 116 000 000 000 000 000 000 000 000 000 000 000 000 000 000 
117 116 000 000 000 000 000 000 000 000 000 000 000 000 000 000 
117 116 040 040 040 040 000 000 000 000 000 000 000 000 000 000 
117 116 040 040 040 040 000 000 000 000 000 000 000 000 000 000 140
117 116 040 040 040 040 040 040 000 000 000 000 000 000 000 000 
117 116 040 040 040 040 040 040 000 000 000 000 000 000 000 000 
117 116 040 040 040 040 040 040 040 040 000 000 000 000 000 000 
117 116 040 040 040 040 040 040 040 040 000 000 000 000 000 000 
117 116 000 000 000 000 000 000 000 000 000 000 000 000 000 000 145
117 116 000 000 000 000 000 000 000 000 000 000 000 000 000 000 
117 116 000 000 000 000 000 000 000 000 000 000 000 000 000 000 
117 116 000 000 000 000 000 000 000 000 000 000 000 000 000 000 
117 116 1d7 000 000 000 000 000 000 000 000 000 000 000 000 000 
117 116 000 000 000 000 000 000 000 000 000 000 000 000 000 000 150
117 116 000 000 000 000 000 000 000 000 000 000 000 000 000 000 
117 116 000 000 000 000 000 000 000 000 000 000 000 000 000 000 
117 116 0a4 81c 81c 81c 81c 81c 81c 81c 81c 81b 81a 000 000 000 
117 116 000 000 000 000 000 000 000 000 000 0b1 0b0 006 006 006 
117 116 000 000 000 000 000 000 000 000 000 000 000 000 000 000 155
117 116 000 000 000 000 000 000 000 000 000 000 000 000 000 000 
117 116 000 000 000 000 000 000 000 000 000 000 000 000 000 000 
117 116 000 000 000 000 000 000 000 000 000 000 000 000 000 000 
117 116 0b4 0b3 0b2 000 000 000 000 000 000 000 000 000 000 000 
117 116 0c4 0c3 0c2 0c1 0c0 000 000 000 000 000 000 000 000 000 160
117 116 0d4 0d3 0d2 0d1 0d0 000 000 000 000 000 000 000 000 000 
117 116 0e4 0e3 0e2 0e1 0e0 000 000 000 000 000 000 000 000 000 
117 116 0f4 0f3 0f2 000 000 000 000 000 000 000 000 000 000 000 
117 116 000 000 000 000 000 000 000 000 000 000 000 000 000 000 
117 116 000 000 000 000 000 000 000 000 000 000 000 000 000 000 165